   2.4128663351376015E-004
   8.4342451775479682E-007
  0.10285557756698099     
   1.1398582478463580E-004
   3.5131673542607850E-003
   4.5801285988086977E-002
   1.2888314085963094E-002
   8.6308445729747184E-003
   7.0189150332250769E-003
   9.8845902061831686E-004
   21.921220332109346     
  0.48455185143150414     
   1.0904763423521893E-007
   1.4222213644103141     
   4.4992092682826552     
   2346.4378405286711     
   4.4029760461978219E-003
   1.2452906929662016E-005
  0.72882734347406419     
   1.3937333684573355E-003
   2.1665075987948767E-002
  0.28245268493374515     
   7.9545552587377333E-002
   6.2500242378727200E-002
   5.0941306725859274E-002
   7.2242936096345743E-003
   56.577730642658373     
   2.3175520208745679     
   5.2468371640104918E-007
   3.1413051635618685     
   9.9530813286303275     
   2106.2748967342027     
   2.9188923429019336E-002
   7.6939759378365937E-005
   2.5354372843105053     
   7.7846496198825292E-003
   7.7130187626539212E-002
   1.0055643734795998     
  0.28321312307249225     
  0.23739451034195932     
  0.19403083831005155     
   2.7860803929020943E-002
   102.09297525317675     
   6.8272263908224922     
   1.5567690433917696E-006
   5.8242714214428490     
   18.486629661086784     
   2067.1293032213189     
  0.31252611981944856     
   9.5297336333940703E-004
   12.815537507450992     
   8.7682869881658854E-002
  0.49477964772018956     
   6.4505585369974439     
   1.8173082734699966     
   1.3988419692040430     
   1.1505912295334755     
  0.17072578022671211     
   243.60080304354165     
   35.894459813215875     
   1.7603961319353305E-004
   18.615451182824188     
   59.323217432402309     
   2659.1997232699391     
  0.72053827458172204     
   3.1611621992234315E-003
   21.553631431603904     
  0.34264712600027303     
   1.2429646298775980     
   16.204822668578352     
   4.5813024689328152     
   2.3811567889038820     
   1.9712883491557258     
  0.30434674048373028     
   290.27983650137350     
   90.629238124540052     
   2.1430175748525094E-005
   38.026405678158120     
   121.20912695980162     
   2672.1751485073778     
   6.2046261217606868E-002
   5.3230058459787627E-004
   2.0663485758840094     
  0.10082812744978459     
  0.24035727631522666     
   3.1335947759949003     
  0.89396604821669035     
   8.9990943138595125E-002
   7.5053206107674228E-002
   1.2145638346088188E-002
   28.148317525682391     
   20.753235320322421     
   4.9073213592125152E-006
   8.4114187513047280     
   26.665458312370362     
   338.38242994356551     
