0.7851   0.40909879977168390        0.19930055241167524       -0.33774106433640277        0.73743621760728217       -0.85999999999999999        0.22952275174499362       -0.43481419438472813        0.85826860560950191        0.11208032537078311       -0.30595909257334764        -1.4130212000574838         2.5790627763409638E-002    2.2251022507155133E-002    1.2824440413958854E-006   -7.7484188423142176E-006   -8.1484075814199589E-003  -0.22988985024835015        -7.8185294780742376E-002  -0.49885065083523145     
0.766048   0.40990934974772408        0.19508588009724095       -0.33346732617487268        0.73743621760728217       -0.83999999999999997        0.22952275174499362       -0.43481419438472813        0.85826860560950191        0.11208032537078311       -0.30595909257334764        -1.3557576670375968         2.5790627763409638E-002    2.2251022507155133E-002    1.2824440413958854E-006   -7.7484188423142176E-006   -7.0927094077010170E-003  -0.22988985024835015        -7.8185294780742376E-002  -0.49885065083523145     
0.748986   0.40904144367860967        0.19066033074650277       -0.33411445896184389        0.73743621760728217       -0.81999999999999995        0.22952275174499362       -0.43481419438472813        0.85826860560950191        0.11208032537078311       -0.30595909257334764        -1.2703463172335516         2.5790627763409638E-002    2.2251022507155133E-002    1.2824440413958854E-006   -7.7484188423142176E-006   -5.8949496459939840E-003  -0.22988985024835015        -7.8185294780742376E-002  -0.49885065083523145     
0.732803   0.40896237443341527        0.18610431464343405       -0.33372105095571358        0.73743621760728217       -0.80000000000000004        0.22952275174499362       -0.43481419438472813        0.85826860560950191        0.11208032537078311       -0.30595909257334764        -1.1992404961084311         2.5790627763409638E-002    2.2251022507155133E-002    1.2824440413958854E-006   -7.7484188423142176E-006   -4.8428048813390400E-003  -0.22988985024835015        -7.8185294780742376E-002  -0.49885065083523145     
0.717412   0.40888196578796060        0.18153874348929641       -0.33098182422729489        0.73743621760728217       -0.78000000000000003        0.22952275174499362       -0.43481419438472813        0.85826860560950191        0.11208032537078311       -0.30595909257334764        -1.1051910874602622         2.5790627763409638E-002    2.2251022507155133E-002    1.2824440413958854E-006   -7.7484188423142176E-006   -3.6010731010241537E-003  -0.22988985024835015        -7.8185294780742376E-002  -0.49885065083523145     
0.702804   0.40874118929404607        0.17701353195412084       -0.33139252672955966        0.73743621760728217       -0.76000000000000001        0.22952275174499362       -0.43481419438472813        0.85826860560950191        0.11208032537078311       -0.30595909257334764        -1.0221237173381124         2.5790627763409638E-002    2.2251022507155133E-002    1.2824440413958854E-006   -7.7484188423142176E-006   -2.9573009576036812E-003  -0.22988985024835015        -7.8185294780742376E-002  -0.49885065083523145     
0.689352   0.40870446543309813        0.17238575544458776       -0.33122698350114738        0.73743621760728217       -0.73999999999999999        0.22952275174499362       -0.43481419438472813        0.85826860560950191        0.11208032537078311       -0.30595909257334764       -0.93151461170978855         2.5790627763409638E-002    2.2251022507155133E-002    1.2824440413958854E-006   -7.7484188423142176E-006   -2.5579764185152702E-003  -0.22988985024835015        -7.8185294780742376E-002  -0.49885065083523145     
0.676678   0.40857652815602824        0.16782736623548922       -0.32817993180961791        0.73743621760728217       -0.71999999999999997        0.22952275174499362       -0.43481419438472813        0.85826860560950191        0.11208032537078311       -0.30595909257334764       -0.84731291399095066         2.5790627763409638E-002    2.2251022507155133E-002    1.2824440413958854E-006   -7.7484188423142176E-006   -1.9858137506144802E-003  -0.22988985024835015        -7.8185294780742376E-002  -0.49885065083523145     
0.665306   0.40907260461108247        0.16323731835564281       -0.32490798196224774        0.73743621760728217       -0.69999999999999996        0.22952275174499362       -0.43481419438472813        0.85826860560950191        0.11208032537078311       -0.30595909257334764       -0.75692788294810809         2.5790627763409638E-002    2.2251022507155133E-002    1.2824440413958854E-006   -7.7484188423142176E-006   -5.5404445953262805E-004  -0.22988985024835015        -7.8185294780742376E-002  -0.49885065083523145     
0.654842   0.40886618441642075        0.15864936441679514       -0.32312334574130996        0.73743621760728217       -0.68000000000000005        0.22952275174499362       -0.43481419438472813        0.85826860560950191        0.11208032537078311       -0.30595909257334764       -0.66809115473659397         2.5790627763409638E-002    2.2251022507155133E-002    1.2824440413958854E-006   -7.7484188423142176E-006   -5.2098252431111635E-004  -0.22988985024835015        -7.8185294780742376E-002  -0.49885065083523145     
0.645596   0.40872897249891765        0.15404519537868494       -0.32214911030457100        0.73743621760728217       -0.66000000000000003        0.22952275174499362       -0.43481419438472813        0.85826860560950191        0.11208032537078311       -0.30595909257334764       -0.57429883356570877         2.5790627763409638E-002    2.2251022507155133E-002    1.2824440413958854E-006   -7.7484188423142176E-006   -1.0078262913186826E-003  -0.22988985024835015        -7.8185294780742376E-002  -0.49885065083523145     
0.637525   0.40853603802058508        0.14943219503431859       -0.32163288990960232        0.73743621760728217       -0.64000000000000001        0.22952275174499362       -0.43481419438472813        0.85826860560950191        0.11208032537078311       -0.30595909257334764       -0.47686893035712308         2.5790627763409638E-002    2.2251022507155133E-002    1.2824440413958854E-006   -7.7484188423142176E-006   -2.3093021865880051E-003  -0.22988985024835015        -7.8185294780742376E-002  -0.49885065083523145     
0.63061   0.40835755936188917        0.14481287845464424       -0.32143798626091125        0.73743621760728217       -0.62000000000000000        0.22952275174499362       -0.43481419438472813        0.85826860560950191        0.11208032537078311       -0.30595909257334764       -0.37581397148645546         2.5790627763409638E-002    2.2251022507155133E-002    1.2824440413958854E-006   -7.7484188423142176E-006   -8.3065778344317454E-004  -0.22988985024835015        -7.8185294780742376E-002  -0.49885065083523145     
0.624925   0.40815599805358682        0.14018630862734308       -0.32145324604791031        0.73743621760728217       -0.59999999999999998        0.22952275174499362       -0.43481419438472813        0.85826860560950191        0.11208032537078311       -0.30595909257334764       -0.27058822830244916         2.5790627763409638E-002    2.2251022507155133E-002    1.2824440413958854E-006   -7.7484188423142176E-006   -5.0000000000000001E-004  -0.22988985024835015        -7.8185294780742376E-002  -0.49885065083523145     
0.621551   0.40799669988203990        0.13616516412231236       -0.32133632609238166        0.73743621760728217       -0.57999999999999996        0.22952275174499362       -0.43481419438472813        0.85826860560950191        0.11208032537078311       -0.30595909257334764       -0.16423205233198954         2.5790627763409638E-002    2.2251022507155133E-002    1.2824440413958854E-006   -7.7484188423142176E-006   -4.2109983912507538E-002  -0.22988985024835015        -7.8185294780742376E-002  -0.49885065083523145     
0.621883   0.40793054881017304        0.13623755678418872       -0.31494416686782967        0.73743621760728217       -0.56000000000000005        0.22952275174499362       -0.43481419438472813        0.85826860560950191        0.11208032537078311       -0.30595909257334764       -0.10269932153728144         2.5790627763409638E-002    2.2251022507155133E-002    1.2824440413958854E-006   -7.7484188423142176E-006  -0.12383061191372698       -0.22988985024835015        -7.8185294780742376E-002  -0.49885065083523145     
0.621558   0.40787831453298778        0.13630518441039571       -0.30881635768373095        0.73743621760728217       -0.54000000000000004        0.22952275174499362       -0.43481419438472813        0.85826860560950191        0.11208032537078311       -0.30595909257334764        -5.7776333662617647E-003    2.5790627763409638E-002    2.2251022507155133E-002    1.2824440413958854E-006   -7.7484188423142176E-006  -0.16878810537544831       -0.22988985024835015        -7.8185294780742376E-002  -0.49885065083523145     
0.62133   0.40791394227623162        0.13611723441008200       -0.30260884109577008        0.73743621760728217       -0.52000000000000002        0.22952275174499362       -0.43481419438472813        0.85826860560950191        0.11208032537078311       -0.30595909257334764         7.3177420738110135E-002    2.5790627763409638E-002    2.2251022507155133E-002    1.2824440413958854E-006   -7.7484188423142176E-006  -0.20144650353650848       -0.22988985024835015        -7.8185294780742376E-002  -0.49885065083523145     
0.621344   0.40771515300064437        0.13617179011993447       -0.30063211068690671        0.73743621760728217       -0.50000000000000000        0.22952275174499362       -0.43481419438472813        0.85826860560950191        0.11208032537078311       -0.30595909257334764        0.13712126281311918         2.5790627763409638E-002    2.2251022507155133E-002    1.2824440413958854E-006   -7.7484188423142176E-006  -0.22895812237299110       -0.22988985024835015        -7.8185294780742376E-002  -0.49885065083523145     
0.621687   0.40782603316631560        0.13628432088293463       -0.29849397401856570        0.73743621760728217       -0.47999999999999998        0.22952275174499362       -0.43481419438472813        0.85826860560950191        0.11208032537078311       -0.30595909257334764        0.18517470251954354         2.5790627763409638E-002    2.2251022507155133E-002    1.2824440413958854E-006   -7.7484188423142176E-006  -0.25312315951098474       -0.22988985024835015        -7.8185294780742376E-002  -0.49885065083523145     
0.621346   0.40789738638339335        0.13493223256554854       -0.29673533951221581        0.73743621760728217       -0.46000000000000002        0.22952275174499362       -0.43481419438472813        0.85826860560950191        0.11208032537078311       -0.30595909257334764        0.27115215269008586         2.5790627763409638E-002    2.2251022507155133E-002    1.2824440413958854E-006   -7.7484188423142176E-006  -0.26644255611752610       -0.22988985024835015        -7.8185294780742376E-002  -0.49885065083523145     
0.622769   0.40788211861978779        0.13609259284807917       -0.29288901438919002        0.73743621760728217       -0.44000000000000000        0.22952275174499362       -0.43481419438472813        0.85826860560950191        0.11208032537078311       -0.30595909257334764        0.34384676633637562         2.5790627763409638E-002    2.2251022507155133E-002    1.2824440413958854E-006   -7.7484188423142176E-006  -0.29171803831373377       -0.22988985024835015        -7.8185294780742376E-002  -0.49885065083523145     
0.623948   0.40798583985520581        0.13635115332757622       -0.29195155537899020        0.73743621760728217       -0.41999999999999998        0.22952275174499362       -0.43481419438472813        0.85826860560950191        0.11208032537078311       -0.30595909257334764        0.39992413182601338         2.5790627763409638E-002    2.2251022507155133E-002    1.2824440413958854E-006   -7.7484188423142176E-006  -0.30964201189686708       -0.22988985024835015        -7.8185294780742376E-002  -0.49885065083523145     
0.625217   0.40807651010056600        0.13626474003177771       -0.29105263804740389        0.73743621760728217       -0.40000000000000002        0.22952275174499362       -0.43481419438472813        0.85826860560950191        0.11208032537078311       -0.30595909257334764        0.47372595087696417         2.5790627763409638E-002    2.2251022507155133E-002    1.2824440413958854E-006   -7.7484188423142176E-006  -0.32446436247509597       -0.22988985024835015        -7.8185294780742376E-002  -0.49885065083523145     
0.62681   0.40809365025698047        0.13633564193671052       -0.29215908324825529        0.73743621760728217       -0.38000000000000000        0.22952275174499362       -0.43481419438472813        0.85826860560950191        0.11208032537078311       -0.30595909257334764        0.52668565705155146         2.5790627763409638E-002    2.2251022507155133E-002    1.2824440413958854E-006   -7.7484188423142176E-006  -0.33838348041660776       -0.22988985024835015        -7.8185294780742376E-002  -0.49885065083523145     
0.628657   0.40807456605988385        0.13638465430442109       -0.29383254079649712        0.73743621760728217       -0.35999999999999999        0.22952275174499362       -0.43481419438472813        0.85826860560950191        0.11208032537078311       -0.30595909257334764        0.57614517630790163         2.5790627763409638E-002    2.2251022507155133E-002    1.2824440413958854E-006   -7.7484188423142176E-006  -0.35097347995649930       -0.22988985024835015        -7.8185294780742376E-002  -0.49885065083523145     
0.630694   0.40786530857672992        0.13642952294665089       -0.29651353326776297        0.73743621760728217       -0.34000000000000002        0.22952275174499362       -0.43481419438472813        0.85826860560950191        0.11208032537078311       -0.30595909257334764        0.63262139155179298         2.5790627763409638E-002    2.2251022507155133E-002    1.2824440413958854E-006   -7.7484188423142176E-006  -0.36242875239896732       -0.22988985024835015        -7.8185294780742376E-002  -0.49885065083523145     
0.632948   0.40819331397778702        0.13657664285138013       -0.29729567055213046        0.73743621760728217       -0.32000000000000001        0.22952275174499362       -0.43481419438472813        0.85826860560950191        0.11208032537078311       -0.30595909257334764        0.71262557573126128         2.5790627763409638E-002    2.2251022507155133E-002    1.2824440413958854E-006   -7.7484188423142176E-006  -0.37388188413272200       -0.22988985024835015        -7.8185294780742376E-002  -0.49885065083523145     
0.635075   0.40787626874849969        0.13644646690096426       -0.30329856929812526        0.73743621760728217       -0.29999999999999999        0.22952275174499362       -0.43481419438472813        0.85826860560950191        0.11208032537078311       -0.30595909257334764        0.74490965064821790         2.5790627763409638E-002    2.2251022507155133E-002    1.2824440413958854E-006   -7.7484188423142176E-006  -0.38250634501969860       -0.22988985024835015        -7.8185294780742376E-002  -0.49885065083523145     
0.637406   0.40803198576870631        0.13656970511008645       -0.30772766375935406        0.73743621760728217       -0.28000000000000003        0.22952275174499362       -0.43481419438472813        0.85826860560950191        0.11208032537078311       -0.30595909257334764        0.79888524640420411         2.5790627763409638E-002    2.2251022507155133E-002    1.2824440413958854E-006   -7.7484188423142176E-006  -0.39201336535775749       -0.22988985024835015        -7.8185294780742376E-002  -0.49885065083523145     
0.639629   0.40814131168225498        0.13662503066219520       -0.31285347759667298        0.73743621760728217       -0.26000000000000001        0.22952275174499362       -0.43481419438472813        0.85826860560950191        0.11208032537078311       -0.30595909257334764        0.85021370003419006         2.5790627763409638E-002    2.2251022507155133E-002    1.2824440413958854E-006   -7.7484188423142176E-006  -0.40022994235896892       -0.22988985024835015        -7.8185294780742376E-002  -0.49885065083523145     
0.641735   0.40818717108196045        0.13673250246329982       -0.31847285898237443        0.73743621760728217       -0.23999999999999999        0.22952275174499362       -0.43481419438472813        0.85826860560950191        0.11208032537078311       -0.30595909257334764        0.89153548130219418         2.5790627763409638E-002    2.2251022507155133E-002    1.2824440413958854E-006   -7.7484188423142176E-006  -0.40787116378489530       -0.22988985024835015        -7.8185294780742376E-002  -0.49885065083523145     
0.643228   0.40812111534600432        0.13632064471713959       -0.32667790530840468        0.73743621760728217       -0.22000000000000000        0.22952275174499362       -0.43481419438472813        0.85826860560950191        0.11208032537078311       -0.30595909257334764        0.93638247686442022         2.5790627763409638E-002    2.2251022507155133E-002    1.2824440413958854E-006   -7.7484188423142176E-006  -0.41288796774934827       -0.22988985024835015        -7.8185294780742376E-002  -0.49885065083523145     
0.644645   0.40808825771883800        0.13624455134814117       -0.33445641128614023        0.73743621760728217       -0.20000000000000001        0.22952275174499362       -0.43481419438472813        0.85826860560950191        0.11208032537078311       -0.30595909257334764        0.97159391271694651         2.5790627763409638E-002    2.2251022507155133E-002    1.2824440413958854E-006   -7.7484188423142176E-006  -0.41850421677880628       -0.22988985024835015        -7.8185294780742376E-002  -0.49885065083523145     
0.646272   0.40812841744059714        0.13692109592764579       -0.34141421751263540        0.73743621760728217       -0.17999999999999999        0.22952275174499362       -0.43481419438472813        0.85826860560950191        0.11208032537078311       -0.30595909257334764        0.97493626617583595         2.5790627763409638E-002    2.2251022507155133E-002    1.2824440413958854E-006   -7.7484188423142176E-006  -0.42611534378764560       -0.22988985024835015        -7.8185294780742376E-002  -0.49885065083523145     
0.646109   0.40802868712462853        0.13584535606038950       -0.35165901165802865        0.73743621760728217       -0.16000000000000000        0.22952275174499362       -0.43481419438472813        0.85826860560950191        0.11208032537078311       -0.30595909257334764         1.0240925879758869         2.5790627763409638E-002    2.2251022507155133E-002    1.2824440413958854E-006   -7.7484188423142176E-006  -0.42691377724134122       -0.22988985024835015        -7.8185294780742376E-002  -0.49885065083523145     
0.646906   0.40802249201806690        0.13644698242627842       -0.35932126653582830        0.73743621760728217       -0.14000000000000001        0.22952275174499362       -0.43481419438472813        0.85826860560950191        0.11208032537078311       -0.30595909257334764         1.0224820653371760         2.5790627763409638E-002    2.2251022507155133E-002    1.2824440413958854E-006   -7.7484188423142176E-006  -0.43329573880973171       -0.22988985024835015        -7.8185294780742376E-002  -0.49885065083523145     
0.64672   0.40807756037234472        0.13649575477813572       -0.36812518141875739        0.73743621760728217       -0.12000000000000000        0.22952275174499362       -0.43481419438472813        0.85826860560950191        0.11208032537078311       -0.30595909257334764         1.0486304379624733         2.5790627763409638E-002    2.2251022507155133E-002    1.2824440413958854E-006   -7.7484188423142176E-006  -0.43692293753719436       -0.22988985024835015        -7.8185294780742376E-002  -0.49885065083523145     
0.645231   0.40837913729952335        0.13554445794354919       -0.37730486531345719        0.73743621760728217       -0.10000000000000001        0.22952275174499362       -0.43481419438472813        0.85826860560950191        0.11208032537078311       -0.30595909257334764         1.0682998494323577         2.5790627763409638E-002    2.2251022507155133E-002    1.2824440413958854E-006   -7.7484188423142176E-006  -0.43636067878214924       -0.22988985024835015        -7.8185294780742376E-002  -0.49885065083523145     
0.644136   0.40811955150190649        0.13551058788612722       -0.38708664153784700        0.73743621760728217        -8.0000000000000002E-002   0.22952275174499362       -0.43481419438472813        0.85826860560950191        0.11208032537078311       -0.30595909257334764         1.0711932128050909         2.5790627763409638E-002    2.2251022507155133E-002    1.2824440413958854E-006   -7.7484188423142176E-006  -0.43872690512024121       -0.22988985024835015        -7.8185294780742376E-002  -0.49885065083523145     
0.643705   0.40788023874001705        0.13635384846554818       -0.39808876606456367        0.73743621760728217        -5.9999999999999998E-002   0.22952275174499362       -0.43481419438472813        0.85826860560950191        0.11208032537078311       -0.30595909257334764         1.0544416072281586         2.5790627763409638E-002    2.2251022507155133E-002    1.2824440413958854E-006   -7.7484188423142176E-006  -0.44355505390685013       -0.22988985024835015        -7.8185294780742376E-002  -0.49885065083523145     
0.641812   0.40802581368209084        0.13596065618562014       -0.40504527577018812        0.73743621760728217        -4.0000000000000001E-002   0.22952275174499362       -0.43481419438472813        0.85826860560950191        0.11208032537078311       -0.30595909257334764         1.0549539643923491         2.5790627763409638E-002    2.2251022507155133E-002    1.2824440413958854E-006   -7.7484188423142176E-006  -0.44392335895554247       -0.22988985024835015        -7.8185294780742376E-002  -0.49885065083523145     
0.639758   0.40802156462813211        0.13595208793393840       -0.41369581749356427        0.73743621760728217        -2.0000000000000000E-002   0.22952275174499362       -0.43481419438472813        0.85826860560950191        0.11208032537078311       -0.30595909257334764         1.0340060215428948         2.5790627763409638E-002    2.2251022507155133E-002    1.2824440413958854E-006   -7.7484188423142176E-006  -0.44429332352518625       -0.22988985024835015        -7.8185294780742376E-002  -0.49885065083523145     
0.639573   0.40817971265620695        0.13775450320190449       -0.42038816324228384        0.73743621760728217         9.9999999747524271E-007   0.22952275174499362       -0.43481419438472813        0.85826860560950191        0.11208032537078311       -0.30595909257334764        0.99618638413823979         2.5790627763409638E-002    2.2251022507155133E-002    1.2824440413958854E-006   -7.7484188423142176E-006  -0.45061187821127241       -0.22988985024835015        -7.8185294780742376E-002  -0.49885065083523145     
0.635941   0.40813279774954070        0.13641006378074824       -0.43079525616307168        0.73743621760728217         2.0000000000000000E-002   0.22952275174499362       -0.43481419438472813        0.85826860560950191        0.11208032537078311       -0.30595909257334764         1.0045432069484930         2.5790627763409638E-002    2.2251022507155133E-002    1.2824440413958854E-006   -7.7484188423142176E-006  -0.44575602904967054       -0.22988985024835015        -7.8185294780742376E-002  -0.49885065083523145     
0.633038   0.40819961258312126        0.13556538189912012       -0.43942845595691027        0.73743621760728217         4.0000000000000001E-002   0.22952275174499362       -0.43481419438472813        0.85826860560950191        0.11208032537078311       -0.30595909257334764        0.99408867186001881         2.5790627763409638E-002    2.2251022507155133E-002    1.2824440413958854E-006   -7.7484188423142176E-006  -0.44265824146925792       -0.22988985024835015        -7.8185294780742376E-002  -0.49885065083523145     
0.630969   0.40846757111545490        0.13587423315976174       -0.44652560684213571        0.73743621760728217         5.9999999999999998E-002   0.22952275174499362       -0.43481419438472813        0.85826860560950191        0.11208032537078311       -0.30595909257334764        0.96691214359511901         2.5790627763409638E-002    2.2251022507155133E-002    1.2824440413958854E-006   -7.7484188423142176E-006  -0.44182485948240285       -0.22988985024835015        -7.8185294780742376E-002  -0.49885065083523145     
0.62873   0.40851742209524888        0.13584323948288199       -0.45366811947960461        0.73743621760728217         8.0000000000000002E-002   0.22952275174499362       -0.43481419438472813        0.85826860560950191        0.11208032537078311       -0.30595909257334764        0.94007804295411912         2.5790627763409638E-002    2.2251022507155133E-002    1.2824440413958854E-006   -7.7484188423142176E-006  -0.43990958239634825       -0.22988985024835015        -7.8185294780742376E-002  -0.49885065083523145     
0.626988   0.40806992205374204        0.13642664336597116       -0.46282386545538223        0.73743621760728217        0.10000000000000001        0.22952275174499362       -0.43481419438472813        0.85826860560950191        0.11208032537078311       -0.30595909257334764        0.89339027818205252         2.5790627763409638E-002    2.2251022507155133E-002    1.2824440413958854E-006   -7.7484188423142176E-006  -0.43942675943316967       -0.22988985024835015        -7.8185294780742376E-002  -0.49885065083523145     
0.624878   0.40806624839986971        0.13644951314259887       -0.47124323709146282        0.73743621760728217        0.12000000000000000        0.22952275174499362       -0.43481419438472813        0.85826860560950191        0.11208032537078311       -0.30595909257334764        0.85881064309800581         2.5790627763409638E-002    2.2251022507155133E-002    1.2824440413958854E-006   -7.7484188423142176E-006  -0.43652683449233493       -0.22988985024835015        -7.8185294780742376E-002  -0.49885065083523145     
0.62272   0.40805887744279801        0.13634243295314902       -0.47953459238314355        0.73743621760728217        0.14000000000000001        0.22952275174499362       -0.43481419438472813        0.85826860560950191        0.11208032537078311       -0.30595909257334764        0.82340869258667204         2.5790627763409638E-002    2.2251022507155133E-002    1.2824440413958854E-006   -7.7484188423142176E-006  -0.43261369768717289       -0.22988985024835015        -7.8185294780742376E-002  -0.49885065083523145     
0.620127   0.40861931169344629        0.13533627375508483       -0.48644110902849563        0.73743621760728217        0.16000000000000000        0.22952275174499362       -0.43481419438472813        0.85826860560950191        0.11208032537078311       -0.30595909257334764        0.80550309871851167         2.5790627763409638E-002    2.2251022507155133E-002    1.2824440413958854E-006   -7.7484188423142176E-006  -0.42491549282848495       -0.22988985024835015        -7.8185294780742376E-002  -0.49885065083523145     
0.618957   0.40801915684070106        0.13636827290430503       -0.49509108455293099        0.73743621760728217        0.17999999999999999        0.22952275174499362       -0.43481419438472813        0.85826860560950191        0.11208032537078311       -0.30595909257334764        0.74380701177663355         2.5790627763409638E-002    2.2251022507155133E-002    1.2824440413958854E-006   -7.7484188423142176E-006  -0.42387046943346396       -0.22988985024835015        -7.8185294780742376E-002  -0.49885065083523145     
0.615512   0.40784302805726380        0.13367958639956803       -0.50507712206825861        0.73743621760728217        0.20000000000000001        0.22952275174499362       -0.43481419438472813        0.85826860560950191        0.11208032537078311       -0.30595909257334764        0.74081608471630345         2.5790627763409638E-002    2.2251022507155133E-002    1.2824440413958854E-006   -7.7484188423142176E-006  -0.40870239975420386       -0.22988985024835015        -7.8185294780742376E-002  -0.49885065083523145     
0.615587   0.40795913171249881        0.13613557027311346       -0.51127438277172921        0.73743621760728217        0.22000000000000000        0.22952275174499362       -0.43481419438472813        0.85826860560950191        0.11208032537078311       -0.30595909257334764        0.66272458936316059         2.5790627763409638E-002    2.2251022507155133E-002    1.2824440413958854E-006   -7.7484188423142176E-006  -0.41205155947763816       -0.22988985024835015        -7.8185294780742376E-002  -0.49885065083523145     
0.614093   0.40816769902960348        0.13616551280773187       -0.51768564192017252        0.73743621760728217        0.23999999999999999        0.22952275174499362       -0.43481419438472813        0.85826860560950191        0.11208032537078311       -0.30595909257334764        0.61938363738230107         2.5790627763409638E-002    2.2251022507155133E-002    1.2824440413958854E-006   -7.7484188423142176E-006  -0.40531681582262274       -0.22988985024835015        -7.8185294780742376E-002  -0.49885065083523145     
0.612781   0.40779664068779697        0.13610551633148890       -0.52790206152818009        0.73743621760728217        0.26000000000000001        0.22952275174499362       -0.43481419438472813        0.85826860560950191        0.11208032537078311       -0.30595909257334764        0.56807740851795785         2.5790627763409638E-002    2.2251022507155133E-002    1.2824440413958854E-006   -7.7484188423142176E-006  -0.39799347438086513       -0.22988985024835015        -7.8185294780742376E-002  -0.49885065083523145     
0.611263   0.40833808254793913        0.13541586598300356       -0.53321210783870021        0.73743621760728217        0.28000000000000003        0.22952275174499362       -0.43481419438472813        0.85826860560950191        0.11208032537078311       -0.30595909257334764        0.53901295822495932         2.5790627763409638E-002    2.2251022507155133E-002    1.2824440413958854E-006   -7.7484188423142176E-006  -0.38720262707400838       -0.22988985024835015        -7.8185294780742376E-002  -0.49885065083523145     
0.610431   0.40788946593865621        0.13622750858332336       -0.54180192007102046        0.73743621760728217        0.29999999999999999        0.22952275174499362       -0.43481419438472813        0.85826860560950191        0.11208032537078311       -0.30595909257334764        0.47958932553906219         2.5790627763409638E-002    2.2251022507155133E-002    1.2824440413958854E-006   -7.7484188423142176E-006  -0.38153755105752435       -0.22988985024835015        -7.8185294780742376E-002  -0.49885065083523145     
0.609122   0.40780855482223338        0.13556170530854028       -0.54887392823151793        0.73743621760728217        0.32000000000000001        0.22952275174499362       -0.43481419438472813        0.85826860560950191        0.11208032537078311       -0.30595909257334764        0.43968523539314835         2.5790627763409638E-002    2.2251022507155133E-002    1.2824440413958854E-006   -7.7484188423142176E-006  -0.36882248565354714       -0.22988985024835015        -7.8185294780742376E-002  -0.49885065083523145     
0.608165   0.40747077092993805        0.13515024939857770       -0.55957199482562658        0.73743621760728217        0.34000000000000002        0.22952275174499362       -0.43481419438472813        0.85826860560950191        0.11208032537078311       -0.30595909257334764        0.39398791061365818         2.5790627763409638E-002    2.2251022507155133E-002    1.2824440413958854E-006   -7.7484188423142176E-006  -0.35660883722142123       -0.22988985024835015        -7.8185294780742376E-002  -0.49885065083523145     
0.607204   0.40784267049426365        0.13469678267822210       -0.56624450760468248        0.73743621760728217        0.35999999999999999        0.22952275174499362       -0.43481419438472813        0.85826860560950191        0.11208032537078311       -0.30595909257334764        0.35372707540779580         2.5790627763409638E-002    2.2251022507155133E-002    1.2824440413958854E-006   -7.7484188423142176E-006  -0.34289983026234105       -0.22988985024835015        -7.8185294780742376E-002  -0.49885065083523145     
0.606862   0.40784193342328789        0.13641902831467731       -0.57405157697371811        0.73743621760728217        0.38000000000000000        0.22952275174499362       -0.43481419438472813        0.85826860560950191        0.11208032537078311       -0.30595909257334764        0.28892380757580832         2.5790627763409638E-002    2.2251022507155133E-002    1.2824440413958854E-006   -7.7484188423142176E-006  -0.33771030212045466       -0.22988985024835015        -7.8185294780742376E-002  -0.49885065083523145     
0.606166   0.40785441529149064        0.13642425767167210       -0.58176920958564260        0.73743621760728217        0.40000000000000002        0.22952275174499362       -0.43481419438472813        0.85826860560950191        0.11208032537078311       -0.30595909257334764        0.24090407930131907         2.5790627763409638E-002    2.2251022507155133E-002    1.2824440413958854E-006   -7.7484188423142176E-006  -0.32389917235730692       -0.22988985024835015        -7.8185294780742376E-002  -0.49885065083523145     
0.605553   0.40779970309696745        0.13643648354607202       -0.58994251303664580        0.73743621760728217        0.41999999999999998        0.22952275174499362       -0.43481419438472813        0.85826860560950191        0.11208032537078311       -0.30595909257334764        0.19283465025583310         2.5790627763409638E-002    2.2251022507155133E-002    1.2824440413958854E-006   -7.7484188423142176E-006  -0.30871178252951692       -0.22988985024835015        -7.8185294780742376E-002  -0.49885065083523145     
0.604987   0.40795976492593700        0.13645414261935013       -0.59402755378057137        0.73743621760728217        0.44000000000000000        0.22952275174499362       -0.43481419438472813        0.85826860560950191        0.11208032537078311       -0.30595909257334764        0.14630944824864681         2.5790627763409638E-002    2.2251022507155133E-002    1.2824440413958854E-006   -7.7484188423142176E-006  -0.29216452506928930       -0.22988985024835015        -7.8185294780742376E-002  -0.49885065083523145     
0.604526   0.40785393142625109        0.13610220378886720       -0.60490572346650939        0.73743621760728217        0.46000000000000002        0.22952275174499362       -0.43481419438472813        0.85826860560950191        0.11208032537078311       -0.30595909257334764         9.9787731506998573E-002    2.5790627763409638E-002    2.2251022507155133E-002    1.2824440413958854E-006   -7.7484188423142176E-006  -0.27166781864420403       -0.22988985024835015        -7.8185294780742376E-002  -0.49885065083523145     
0.604185   0.40783192753106878        0.13650056604160454       -0.61398267714727350        0.73743621760728217        0.47999999999999998        0.22952275174499362       -0.43481419438472813        0.85826860560950191        0.11208032537078311       -0.30595909257334764         5.0523098204618061E-002    2.5790627763409638E-002    2.2251022507155133E-002    1.2824440413958854E-006   -7.7484188423142176E-006  -0.25293203112259788       -0.22988985024835015        -7.8185294780742376E-002  -0.49885065083523145     
0.603876   0.40793809358232896        0.13646727733192116       -0.61721430153900414        0.73743621760728217        0.50000000000000000        0.22952275174499362       -0.43481419438472813        0.85826860560950191        0.11208032537078311       -0.30595909257334764         7.6135516251239410E-003    2.5790627763409638E-002    2.2251022507155133E-002    1.2824440413958854E-006   -7.7484188423142176E-006  -0.22908622446940677       -0.22988985024835015        -7.8185294780742376E-002  -0.49885065083523145     
0.603737   0.40781747420352649        0.13645046560129107       -0.63109928342481558        0.73743621760728217        0.52000000000000002        0.22952275174499362       -0.43481419438472813        0.85826860560950191        0.11208032537078311       -0.30595909257334764        -3.7714053393049979E-002    2.5790627763409638E-002    2.2251022507155133E-002    1.2824440413958854E-006   -7.7484188423142176E-006  -0.20142219767882702       -0.22988985024835015        -7.8185294780742376E-002  -0.49885065083523145     
0.603794   0.40786268458246927        0.13637099308787295       -0.64119488262153368        0.73743621760728217        0.54000000000000004        0.22952275174499362       -0.43481419438472813        0.85826860560950191        0.11208032537078311       -0.30595909257334764        -7.7864456844589633E-002    2.5790627763409638E-002    2.2251022507155133E-002    1.2824440413958854E-006   -7.7484188423142176E-006  -0.16750659218057276       -0.22988985024835015        -7.8185294780742376E-002  -0.49885065083523145     
0.603975   0.40784343437216874        0.13648508672857665       -0.64842882575473493        0.73743621760728217        0.56000000000000005        0.22952275174499362       -0.43481419438472813        0.85826860560950191        0.11208032537078311       -0.30595909257334764       -0.12637185503738807         2.5790627763409638E-002    2.2251022507155133E-002    1.2824440413958854E-006   -7.7484188423142176E-006  -0.12443504557823240       -0.22988985024835015        -7.8185294780742376E-002  -0.49885065083523145     
0.604983   0.40785501860425249        0.13642380290416686       -0.65783192826906356        0.73743621760728217        0.57999999999999996        0.22952275174499362       -0.43481419438472813        0.85826860560950191        0.11208032537078311       -0.30595909257334764       -0.16157559989991918         2.5790627763409638E-002    2.2251022507155133E-002    1.2824440413958854E-006   -7.7484188423142176E-006   -4.6490091631277396E-002  -0.22988985024835015        -7.8185294780742376E-002  -0.49885065083523145     
0.606268   0.40799226948980050        0.14024032745387333       -0.66674352999287290        0.73743621760728217        0.59999999999999998        0.22952275174499362       -0.43481419438472813        0.85826860560950191        0.11208032537078311       -0.30595909257334764       -0.22287350010936846         2.5790627763409638E-002    2.2251022507155133E-002    1.2824440413958854E-006   -7.7484188423142176E-006   -5.0134150856794458E-004  -0.22988985024835015        -7.8185294780742376E-002  -0.49885065083523145     
0.607635   0.40818705624067703        0.14476894870291834       -0.67502295363171172        0.73743621760728217        0.62000000000000000        0.22952275174499362       -0.43481419438472813        0.85826860560950191        0.11208032537078311       -0.30595909257334764       -0.29012437604304042         2.5790627763409638E-002    2.2251022507155133E-002    1.2824440413958854E-006   -7.7484188423142176E-006   -5.0099529333211539E-004  -0.22988985024835015        -7.8185294780742376E-002  -0.49885065083523145     
0.609883   0.40846822026277008        0.14931965266232636       -0.68280538775772925        0.73743621760728217        0.64000000000000001        0.22952275174499362       -0.43481419438472813        0.85826860560950191        0.11208032537078311       -0.30595909257334764       -0.35325871830957362         2.5790627763409638E-002    2.2251022507155133E-002    1.2824440413958854E-006   -7.7484188423142176E-006   -5.0000000000000001E-004  -0.22988985024835015        -7.8185294780742376E-002  -0.49885065083523145     
0.612927   0.40873509161850752        0.15387386908676340       -0.69148890351077286        0.73743621760728217        0.66000000000000003        0.22952275174499362       -0.43481419438472813        0.85826860560950191        0.11208032537078311       -0.30595909257334764       -0.42371812662905323         2.5790627763409638E-002    2.2251022507155133E-002    1.2824440413958854E-006   -7.7484188423142176E-006   -5.0000000000000001E-004  -0.22988985024835015        -7.8185294780742376E-002  -0.49885065083523145     
0.617034   0.40902390662902327        0.15876031191744261       -0.68395409082251135        0.73743621760728217        0.68000000000000005        0.22952275174499362       -0.43481419438472813        0.85826860560950191        0.11208032537078311       -0.30595909257334764       -0.48354523870234162         2.5790627763409638E-002    2.2251022507155133E-002    1.2824440413958854E-006   -7.7484188423142176E-006   -5.0010833308358521E-004  -0.22988985024835015        -7.8185294780742376E-002  -0.49885065083523145     
0.62129   0.40918736760796065        0.16304566857738495       -0.70601503780316355        0.73743621760728217        0.69999999999999996        0.22952275174499362       -0.43481419438472813        0.85826860560950191        0.11208032537078311       -0.30595909257334764       -0.55406068542107623         2.5790627763409638E-002    2.2251022507155133E-002    1.2824440413958854E-006   -7.7484188423142176E-006   -5.0000000000000001E-004  -0.22988985024835015        -7.8185294780742376E-002  -0.49885065083523145     
0.626434   0.40941506296351116        0.16770323618191518       -0.71778470945309181        0.73743621760728217        0.71999999999999997        0.22952275174499362       -0.43481419438472813        0.85826860560950191        0.11208032537078311       -0.30595909257334764       -0.62261863738330303         2.5790627763409638E-002    2.2251022507155133E-002    1.2824440413958854E-006   -7.7484188423142176E-006   -5.0059442271743466E-004  -0.22988985024835015        -7.8185294780742376E-002  -0.49885065083523145     
0.632376   0.40959167980744415        0.17228425339012568       -0.72496337899864594        0.73743621760728217        0.73999999999999999        0.22952275174499362       -0.43481419438472813        0.85826860560950191        0.11208032537078311       -0.30595909257334764       -0.67586621562781202         2.5790627763409638E-002    2.2251022507155133E-002    1.2824440413958854E-006   -7.7484188423142176E-006   -5.0112424098197660E-004  -0.22988985024835015        -7.8185294780742376E-002  -0.49885065083523145     
0.638834   0.40976707486964037        0.17691735079839627       -0.73326270272190708        0.73743621760728217        0.76000000000000001        0.22952275174499362       -0.43481419438472813        0.85826860560950191        0.11208032537078311       -0.30595909257334764       -0.73666150161191957         2.5790627763409638E-002    2.2251022507155133E-002    1.2824440413958854E-006   -7.7484188423142176E-006   -5.0146908860200902E-004  -0.22988985024835015        -7.8185294780742376E-002  -0.49885065083523145     
0.64578   0.41000724714892534        0.18164958207500639       -0.73927272975694902        0.73743621760728217        0.78000000000000003        0.22952275174499362       -0.43481419438472813        0.85826860560950191        0.11208032537078311       -0.30595909257334764       -0.80158790956865245         2.5790627763409638E-002    2.2251022507155133E-002    1.2824440413958854E-006   -7.7484188423142176E-006   -5.0134165451705035E-004  -0.22988985024835015        -7.8185294780742376E-002  -0.49885065083523145     
0.653026   0.40993185351461175        0.18625013230519699       -0.75026422553510519        0.73743621760728217        0.80000000000000004        0.22952275174499362       -0.43481419438472813        0.85826860560950191        0.11208032537078311       -0.30595909257334764       -0.86546114049365508         2.5790627763409638E-002    2.2251022507155133E-002    1.2824440413958854E-006   -7.7484188423142176E-006   -5.0122725168280397E-004  -0.22988985024835015        -7.8185294780742376E-002  -0.49885065083523145     
0.660756   0.40980004844332824        0.19091878586132308       -0.76086518706074702        0.73743621760728217        0.81999999999999995        0.22952275174499362       -0.43481419438472813        0.85826860560950191        0.11208032537078311       -0.30595909257334764       -0.92693367823302975         2.5790627763409638E-002    2.2251022507155133E-002    1.2824440413958854E-006   -7.7484188423142176E-006   -5.0086934973609526E-004  -0.22988985024835015        -7.8185294780742376E-002  -0.49885065083523145     
0.669504   0.41025492314991735        0.19520914438676343       -0.76659406995244750        0.73743621760728217        0.83999999999999997        0.22952275174499362       -0.43481419438472813        0.85826860560950191        0.11208032537078311       -0.30595909257334764       -0.99218055410646677         2.5790627763409638E-002    2.2251022507155133E-002    1.2824440413958854E-006   -7.7484188423142176E-006   -5.1299934061521744E-004  -0.22988985024835015        -7.8185294780742376E-002  -0.49885065083523145     
0.677177   0.40930022156990242        0.20007315598044756       -0.77685506962491335        0.73743621760728217        0.85999999999999999        0.22952275174499362       -0.43481419438472813        0.85826860560950191        0.11208032537078311       -0.30595909257334764        -1.0358683868758207         2.5790627763409638E-002    2.2251022507155133E-002    1.2824440413958854E-006   -7.7484188423142176E-006   -5.0000000000000001E-004  -0.22988985024835015        -7.8185294780742376E-002  -0.49885065083523145     
0.68745   0.41044686353331383        0.20440787011666381       -0.77748476679676215        0.73743621760728217        0.88000000000000000        0.22952275174499362       -0.43481419438472813        0.85826860560950191        0.11208032537078311       -0.30595909257334764        -1.1137074124148376         2.5790627763409638E-002    2.2251022507155133E-002    1.2824440413958854E-006   -7.7484188423142176E-006   -5.0942676267892143E-004  -0.22988985024835015        -7.8185294780742376E-002  -0.49885065083523145     
0.696207   0.41030187750184594        0.20915394112824026       -0.78418640680700191        0.73743621760728217        0.90000000000000002        0.22952275174499362       -0.43481419438472813        0.85826860560950191        0.11208032537078311       -0.30595909257334764        -1.1773585798587594         2.5790627763409638E-002    2.2251022507155133E-002    1.2824440413958854E-006   -7.7484188423142176E-006   -5.0057965178081575E-004  -0.22988985024835015        -7.8185294780742376E-002  -0.49885065083523145     
