   1.8923007162103631E-004
   9.5322483268027483E-007
   7.6144735039363601E-002
   1.1467242243942042E-004
   3.7636208693414396E-003
   4.9066793107630464E-002
   1.3793640652989318E-002
   7.2452323516988418E-003
   5.8874555305083532E-003
   8.2391365178170913E-004
   16.937673919731441     
  0.49190835398343685     
   1.1070327690032469E-007
   1.8656811790844223     
   5.5234904192343706     
   2386.2737095794550     
   3.2340528468098946E-003
   1.2683886863811522E-005
  0.54517916591908400     
   1.4033246108834001E-003
   2.0693350407670511E-002
  0.26978406908815850     
   7.5918377530877296E-002
   4.9647527103761135E-002
   4.0429706839159203E-002
   5.7077758087457379E-003
   44.917441909092908     
   2.3589689108420795     
   5.3406129642432094E-007
   3.6591439503575458     
   10.841826163092561     
   2158.4596814244874     
   2.1553413439126878E-002
   7.1358095958102172E-005
   1.9211653349314100     
   7.8572883977461091E-003
   6.8334938230351611E-002
  0.89089863902470057     
  0.25081833596452019     
  0.18643084385911313     
  0.15226216384494420     
   2.1777357668272341E-002
   83.764998139259077     
   6.9866028950905656     
   1.5931171566148801E-006
   6.2987807509792555     
   18.743387239041130     
   2133.1734858187288     
  0.23341289237888493     
   7.8890682430063244E-004
   10.024468259626998     
   8.9522342259578183E-002
  0.41489732321560963     
   5.4091138965192043     
   1.5236682701591200     
   1.1350696292170033     
  0.93323662224821702     
  0.13811310696050455     
   216.81538698977826     
   37.431906191301174     
   1.8378476114302618E-003
   19.263476551016900     
   57.610259459793433     
   2769.8664269141354     
  0.54315075274443836     
   2.4713939363576894E-003
   17.553494547952557     
  0.35828471454586003     
   1.0434954200128685     
   13.604295569701817     
   3.8451103374246620     
   2.0597420643904232     
   1.7049095821542579     
  0.26287541881320936     
   288.40039714874956     
   96.884130155854663     
   2.2909232757141513E-005
   40.512215142324948     
   118.72995643787316     
   2782.5315861976255     
   4.6564108217957374E-002
   3.9615849856335848E-004
   1.7737231597072107     
  0.10905236538568185     
  0.20485806599582920     
   2.6707831548964216     
  0.76184286394950329     
   8.4746942225032110E-002
   7.0677331247990569E-002
   1.1433822765545838E-002
   33.140891983969624     
   22.550169194835135     
   5.3322253257014159E-006
   9.4593410061539078     
   26.565489254613226     
   348.63620293688035     
