   1.8917923159988859E-004
   9.7363626287531000E-007
   7.6143816726472149E-002
   1.1459533566256443E-004
   3.8857466689333465E-003
   5.0658992089265664E-002
   1.4244777017230646E-002
   7.7240722275187116E-003
   6.2766885647527046E-003
   8.7851017075850368E-004
   16.952577984756662     
  0.49128728197087040     
   1.1056350763979492E-007
   2.2411771761507633     
   5.3615675845985082     
   2390.9097505548007     
   3.2312929981251353E-003
   1.2983349568772447E-005
  0.54486425723459686     
   1.4018090113651937E-003
   2.1882127146577713E-002
  0.28528243087790789     
   8.0292255370433024E-002
   5.2949069102263956E-002
   4.3111366035989675E-002
   6.0813696941939893E-003
   44.955488831856819     
   2.3563808327338762     
   5.3347542186770791E-007
   4.5442291603115725     
   10.894426024304323     
   2164.8284545219362     
   2.1512412161417246E-002
   7.6503265560854864E-005
   1.9181075895858781     
   7.8441398218458882E-003
   7.3389321059749685E-002
  0.95679381522088747     
  0.26937978485362463     
  0.19807203829143519     
  0.16172282918247824     
   2.3094550928967450E-002
   83.817414115487523     
   6.9811904728703134     
   1.5918833784628065E-006
   7.9055313815539483     
   19.004252221981133     
   2141.4737504636232     
  0.23203424651576232     
   8.7740909066498539E-004
   9.9718250037927341     
   8.9203243122095280E-002
  0.45139379999588231     
   5.8849270390013935     
   1.6577049771046306     
   1.1984588471115980     
  0.98503100907095353     
  0.14550530532106590     
   216.88242031849646     
   37.452183149515527     
   1.8398106731814011E-003
   23.146782771320602     
   55.895996753767996     
   2787.4951220645439     
  0.53535794856605179     
   2.8561590089341820E-003
   17.317863062774808     
  0.35572191144323040     
   1.1567988891046261     
   15.081459589317454     
   4.2631133334470688     
   2.1795121043401600     
   1.8036878967743402     
  0.27776256253319431     
   288.65588424340655     
   97.254741692804160     
   2.2996867624701543E-005
   44.040883151479129     
   106.09253204785993     
   2813.5527516877441     
   4.4952071495908845E-002
   4.9118412155711559E-004
   1.7067205464004873     
  0.10769147958625429     
  0.23932160649565579     
   3.1200925019923158     
  0.89007877552796899     
   9.1227493610503751E-002
   7.6079726934068934E-002
   1.2304556191319753E-002
   33.175050808701108     
   22.767974472380132     
   5.3837276812520996E-006
   9.1034912221127176     
   21.728064023706310     
   355.46322862319795     
