           1           1           1           1   143309.69974157694     
           1           1           1           2   121395.46571378026     
           1           1           1           3   101763.72570467624     
           1           1           1           4   87402.016503261708     
           1           1           1           5   74311.094055567242     
           1           1           1           6   64578.684490173211     
           1           1           1           7   56401.117447381097     
           1           1           1           8   48788.455488846128     
           1           1           1           9   43016.146522369054     
           1           1           1          10   38081.096585092477     
           1           1           1          11   33407.827679479044     
           1           1           1          12   29806.835521632671     
           1           1           1          13   26683.918589023280     
           1           1           1          14   23684.573557918229     
           1           1           2           1   139953.51049415392     
           1           1           2           2   118552.48915685908     
           1           1           2           3   99380.507774251339     
           1           1           2           4   85355.137568573031     
           1           1           2           5   72570.793374613117     
           1           1           2           6   63066.308552957831     
           1           1           2           7   55080.253167240386     
           1           1           2           8   47645.873270974160     
           1           1           2           9   42008.746867549577     
           1           1           2          10   37189.271600540131     
           1           1           2          11   32625.446677421845     
           1           1           2          12   29108.786693870137     
           1           1           2          13   26059.005821349310     
           1           1           2          14   23129.902902645739     
           1           1           3           1   136703.34899201416     
           1           1           3           2   115799.32707095321     
           1           1           3           3   97072.579746628340     
           1           1           3           4   83372.923007499383     
           1           1           3           5   70885.471731231373     
           1           1           3           6   61601.711117331644     
           1           1           3           7   53801.117204913768     
           1           1           3           8   46539.387132830248     
           1           1           3           9   41033.172641908815     
           1           1           3          10   36325.620841764918     
           1           1           3          11   31867.782376710074     
           1           1           3          12   28432.790368375561     
           1           1           3          13   25453.835061419744     
           1           1           3          14   22592.755185360689     
           1           1           4           1   133575.25053364589     
           1           1           4           2   113149.56271298762     
           1           1           4           3   94851.328231455482     
           1           1           4           4   81465.152460086625     
           1           1           4           5   69263.443987552440     
           1           1           4           6   60192.118060391876     
           1           1           4           7   52570.020427903546     
           1           1           4           8   45474.456141043513     
           1           1           4           9   40094.237033162943     
           1           1           4          10   35494.405300695049     
           1           1           4          11   31138.572864854370     
           1           1           4          12   27782.181708121570     
           1           1           4          13   24871.392040769242     
           1           1           4          14   22075.780532945082     
           1           1           5           1   130553.30396530265     
           1           1           5           2   110589.71798887059     
           1           1           5           3   92705.454777092600     
           1           1           5           4   79622.122004329096     
           1           1           5           5   67696.459660269014     
           1           1           5           6   58830.359453762016     
           1           1           5           7   51380.700834119380     
           1           1           5           8   44445.663500409726     
           1           1           5           9   39187.164125130024     
           1           1           5          10   34691.396982273996     
           1           1           5          11   30434.109003311591     
           1           1           5          12   27153.651379993124     
           1           1           5          13   24308.714152716799     
           1           1           5          14   21576.349345409319     
           1           1           6           1   127623.28413978893     
           1           1           6           2   108107.74299468938     
           1           1           6           3   90624.858158768591     
           1           1           6           4   77835.155982588156     
           1           1           6           5   66177.142518476612     
           1           1           6           6   57510.025121705323     
           1           1           6           7   50227.559966742985     
           1           1           6           8   43448.166399618152     
           1           1           6           9   38307.684075510319     
           1           1           6          10   33912.815905493007     
           1           1           6          11   29751.074687549877     
           1           1           6          12   26544.240719961450     
           1           1           6          13   23763.152719197100     
           1           1           6          14   21092.110664705626     
           1           1           7           1   124799.96898919034     
           1           1           7           2   105716.15589148283     
           1           1           7           3   88620.032134678651     
           1           1           7           4   76113.267189834529     
           1           1           7           5   64713.155436014698     
           1           1           7           6   56237.774342981807     
           1           1           7           7   49116.413843058144     
           1           1           7           8   42486.995846849059     
           1           1           7           9   37460.232658501322     
           1           1           7          10   33162.588947771103     
           1           1           7          11   29092.914892772857     
           1           1           7          12   25957.023372981515     
           1           1           7          13   23237.459353493145     
           1           1           7          14   20625.506815038607     
           1           1           8           1   122069.31513581684     
           1           1           8           2   103403.06074941046     
           1           1           8           3   86681.004553744671     
           1           1           8           4   74447.890826110714     
           1           1           8           5   63297.216435479910     
           1           1           8           6   55007.278851023861     
           1           1           8           7   48041.735543205075     
           1           1           8           8   41557.370912049540     
           1           1           8           9   36640.594591615583     
           1           1           8          10   32436.984428423173     
           1           1           8          11   28456.355887319449     
           1           1           8          12   25389.078480490058     
           1           1           8          13   22729.019221977687     
           1           1           8          14   20174.216878505944     
           1           1           9           1   119418.73466916473     
           1           1           9           2   101157.79454248460     
           1           1           9           3   84798.836786664207     
           1           1           9           4   72831.349754159353     
           1           1           9           5   61922.798249341147     
           1           1           9           6   53812.866245728292     
           1           1           9           7   46998.570961528523     
           1           1           9           8   40655.006164348037     
           1           1           9           9   35844.991467347907     
           1           1           9          10   31732.657420840285     
           1           1           9          11   27838.463231374280     
           1           1           9          12   24837.787903698005     
           1           1           9          13   22235.488494109846     
           1           1           9          14   19736.160478612539     
           1           1          10           1   116861.85926356683     
           1           1          10           2   98991.904454304997     
           1           1          10           3   82983.208638049415     
           1           1          10           4   71271.957687049115     
           1           1          10           5   60596.969376868379     
           1           1          10           6   52660.679275658724     
           1           1          10           7   45992.284993130088     
           1           1          10           8   39784.542379381273     
           1           1          10           9   35077.514996985250     
           1           1          10          10   31053.230212374052     
           1           1          10          11   27242.414689069537     
           1           1          10          12   24305.986878912940     
           1           1          10          13   21759.405353079437     
           1           1          10          14   19313.590499638412     
           2           1           1           1   26047.088145756985     
           2           1           1           2   23964.582020413025     
           2           1           1           3   21836.418972805892     
           2           1           1           4   20167.644128211548     
           2           1           1           5   18453.826153491511     
           2           1           1           6   17103.537832768037     
           2           1           1           7   15710.492582920486     
           2           1           1           8   14608.118447428365     
           2           1           1           9   13466.071400239598     
           2           1           1          10   12558.663918457707     
           2           1           1          11   11614.959579886636     
           2           1           1          12   10862.335495483250     
           2           1           1          13   10076.796270189612     
           2           1           1          14   9448.1341695637020     
           2           1           2           1   25437.089405905863     
           2           1           2           2   23403.353804782575     
           2           1           2           3   21325.030528495518     
           2           1           2           4   19695.336974292193     
           2           1           2           5   18021.655162593877     
           2           1           2           6   16702.989449459252     
           2           1           2           7   15342.568138970173     
           2           1           2           8   14266.010672282200     
           2           1           2           9   13150.709400623165     
           2           1           2          10   12264.552634914518     
           2           1           2          11   11342.949054827115     
           2           1           2          12   10607.950791371808     
           2           1           2          13   9840.8082325435207     
           2           1           2          14   9226.8688689668961     
           2           1           3           1   24846.361513882490     
           2           1           3           2   22859.855691809240     
           2           1           3           3   20829.797662280827     
           2           1           3           4   19237.950752900528     
           2           1           3           5   17603.137133378652     
           2           1           3           6   16315.095014913666     
           2           1           3           7   14986.266997034030     
           2           1           3           8   13934.710605845890     
           2           1           3           9   12845.310164295659     
           2           1           3          10   11979.732767673064     
           2           1           3          11   11079.531744743115     
           2           1           3          12   10361.602471933387     
           2           1           3          13   9612.2753968950037     
           2           1           3          14   9012.5936534886678     
           2           1           4           1   24277.818944578135     
           2           1           4           2   22336.769139263055     
           2           1           4           3   20353.163706135485     
           2           1           4           4   18797.742072375062     
           2           1           4           5   17200.336910552935     
           2           1           4           6   15941.768286501698     
           2           1           4           7   14643.347042958692     
           2           1           4           8   13615.852786402484     
           2           1           4           9   12551.380442868252     
           2           1           4          10   11705.609536114862     
           2           1           4          11   10826.007275433905     
           2           1           4          12   10124.505949860746     
           2           1           4          13   9392.3252798668345     
           2           1           4          14   8806.3656970790707     
           2           1           5           1   23728.569796347074     
           2           1           5           2   21831.433458802665     
           2           1           5           3   19892.704254155440     
           2           1           5           4   18372.471805001969     
           2           1           5           5   16811.205645578993     
           2           1           5           6   15581.110333448909     
           2           1           5           7   14312.064010890161     
           2           1           5           8   13307.815340830582     
           2           1           5           9   12267.425160701825     
           2           1           5          10   11440.788610878944     
           2           1           5          11   10581.086093735152     
           2           1           5          12   9895.4552332175354     
           2           1           5          13   9179.8391052092447     
           2           1           5          14   8607.1360216582198     
           2           1           6           1   23196.028603981042     
           2           1           6           2   21341.469898270443     
           2           1           6           3   19446.251799221172     
           2           1           6           4   17960.138089059707     
           2           1           6           5   16433.911593194935     
           2           1           6           6   15231.423442391375     
           2           1           6           7   13990.858463492210     
           2           1           6           8   13009.148255319273     
           2           1           6           9   11992.107665516025     
           2           1           6          10   11184.023410497592     
           2           1           6          11   10343.615291884109     
           2           1           6          12   9673.3721209975247     
           2           1           6          13   8973.8166458902560     
           2           1           6          14   8413.9668022790738     
           2           1           7           1   22682.881311525802     
           2           1           7           2   20869.349656028029     
           2           1           7           3   19016.058085919005     
           2           1           7           4   17562.820586952334     
           2           1           7           5   16070.357688824704     
           2           1           7           6   14894.471308540931     
           2           1           7           7   13681.350446717153     
           2           1           7           8   12721.357900239112     
           2           1           7           9   11726.816561072550     
           2           1           7          10   10936.608967891425     
           2           1           7          11   10114.792589068327     
           2           1           7          12   9459.3767226359778     
           2           1           7          13   8775.2970074195655     
           2           1           7          14   8227.8323175185324     
           2           1           8           1   22186.575490471630     
           2           1           8           2   20412.724375218790     
           2           1           8           3   18599.983303122579     
           2           1           8           4   17178.543016319534     
           2           1           8           5   15718.735592804034     
           2           1           8           6   14568.577911459080     
           2           1           8           7   13382.000449249979     
           2           1           8           8   12443.012789576014     
           2           1           8           9   11470.232274343096     
           2           1           8          10   10697.314629910768     
           2           1           8          11   9893.4798088709122     
           2           1           8          12   9252.4046138616250     
           2           1           8          13   8583.2927431402313     
           2           1           8          14   8047.8067254238194     
           2           1           9           1   21704.823247675136     
           2           1           9           2   19969.489084190191     
           2           1           9           3   18196.109411050093     
           2           1           9           4   16805.533917882924     
           2           1           9           5   15377.424382824032     
           2           1           9           6   14252.240934383541     
           2           1           9           7   13091.428515527779     
           2           1           9           8   12172.829797231872     
           2           1           9           9   11221.171993455759     
           2           1           9          10   10465.037288828507     
           2           1           9          11   9678.6567359278670     
           2           1           9          12   9051.5016877189755     
           2           1           9          13   8396.9187456833533     
           2           1           9          14   7873.0601385642158     
           2           1          10           1   21240.102190757465     
           2           1          10           2   19541.923301740255     
           2           1          10           3   17806.513496770804     
           2           1          10           4   16445.711644173767     
           2           1          10           5   15048.179392356480     
           2           1          10           6   13947.087270813781     
           2           1          10           7   12811.129032020550     
           2           1          10           8   11912.198451400967     
           2           1          10           9   10980.916614624912     
           2           1          10          10   10240.971527889404     
           2           1          10          11   9471.4281879418577     
           2           1          10          12   8857.7011719997990     
           2           1          10          13   8217.1335220274304     
           2           1          10          14   7704.4912653207984     
           3           1           1           1   9983.7778263768068     
           3           1           1           2   9448.1341695637020     
           3           1           1           3   8948.7218260957688     
           3           1           1           4   8482.6159917407185     
           3           1           1           5   8047.1646084761669     
           3           1           1           6   7639.9596299906752     
           3           1           1           7   7258.8116517418548     
           3           1           1           8   6901.7274732218812     
           3           1           1           9   6566.8902204387232     
           3           1           1          10   6252.6417079006878     
           3           1           1          11   6005.3983647704426     
           3           1           1          12   5725.0541303025529     
           3           1           1          13   5461.3318299526927     
           3           1           1          14   5213.0506238401613     
           3           1           1          15   4979.1268413811922     
           3           1           1          16   4758.5649292395483     
           3           1           1          17   4550.4493382035143     
           3           1           1          18   4353.9372419312258     
           3           1           2           1   9749.9682023252954     
           3           1           2           2   9226.8688689668961     
           3           1           2           3   8739.1523425091709     
           3           1           2           4   8283.9623151402939     
           3           1           2           5   7858.7088377745631     
           3           1           2           6   7461.0402584907843     
           3           1           2           7   7088.8184467329065     
           3           1           2           8   6740.0968810481017     
           3           1           2           9   6413.1012370825638     
           3           1           2          10   6106.2121626333128     
           3           1           2          11   5864.7590526865515     
           3           1           2          12   5590.9802470422273     
           3           1           2          13   5333.4341039991114     
           3           1           2          14   5090.9674379376183     
           3           1           2          15   4862.5219569129722     
           3           1           2          16   4647.1254225970006     
           3           1           2          17   4443.8837271576458     
           3           1           2          18   4251.9737825249831     
           3           1           3           1   9523.5449603969955     
           3           1           3           2   9012.5936534886678     
           3           1           3           3   8536.2034528173208     
           3           1           3           4   8091.5843830716249     
           3           1           3           5   7676.2066419741359     
           3           1           3           6   7287.7731903979884     
           3           1           3           7   6924.1955519398452     
           3           1           3           8   6583.5724095301030     
           3           1           3           9   6264.1706442367758     
           3           1           3          10   5964.4085103351345     
           3           1           3          11   5728.5627099527601     
           3           1           3          12   5461.1419197118903     
           3           1           3          13   5209.5768183135060     
           3           1           3          14   4972.7410007534545     
           3           1           3          15   4749.6007519710411     
           3           1           3          16   4539.2064120849600     
           3           1           3          17   4340.6846372726995     
           3           1           3          18   4153.2314541703363     
           3           1           4           1   9305.6252091339175     
           3           1           4           2   8806.3656970790707     
           3           1           4           3   8340.8764503956536     
           3           1           4           4   7906.4313350887724     
           3           1           4           5   7500.5584368151221     
           3           1           4           6   7121.0132782034734     
           3           1           4           7   6765.7551721914106     
           3           1           4           8   6432.9263083962614     
           3           1           4           9   6120.8332257966849     
           3           1           4          10   5827.9303727969364     
           3           1           4          11   5597.4812936421013     
           3           1           4          12   5336.1797369192227     
           3           1           4          13   5090.3710529103546     
           3           1           4          14   4858.9546114537570     
           3           1           4          15   4640.9203513631701     
           3           1           4          16   4435.3403432478208     
           3           1           4          17   4241.3612274814714     
           3           1           4          18   4058.1974275341609     
           3           1           5           1   9095.1004998008066     
           3           1           5           2   8607.1360216582198     
           3           1           5           3   8152.1778051858118     
           3           1           5           4   7727.5613912516892     
           3           1           5           5   7330.8707890211390     
           3           1           5           6   6959.9122991967351     
           3           1           5           7   6612.6914023268992     
           3           1           5           8   6287.3923183176439     
           3           1           5           9   5982.3598982680942     
           3           1           5          10   5696.0835564646841     
           3           1           5          11   5470.8480607874808     
           3           1           5          12   5215.4580813659250     
           3           1           5          13   4975.2104706859000     
           3           1           5          14   4749.0294987595234     
           3           1           5          15   4535.9279555813846     
           3           1           5          16   4334.9989048276775     
           3           1           5          17   4145.4082929052947     
           3           1           5          18   3966.3883158222156     
           3           1           6           1   8890.9798385367158     
           3           1           6           2   8413.9668022790738     
           3           1           6           3   7969.2192647746333     
           3           1           6           4   7554.1325656219378     
           3           1           6           5   7166.3449363169502     
           3           1           6           6   6803.7119109809109     
           3           1           6           7   6464.2837333669386     
           3           1           6           8   6146.2853751198099     
           3           1           6           9   5848.0988340148679     
           3           1           6          10   5568.2474265681440     
           3           1           6          11   5348.0669184341868     
           3           1           6          12   5098.4086875684607     
           3           1           6          13   4863.5529837071299     
           3           1           6          14   4642.4482195796891     
           3           1           6          15   4434.1293412349369     
           3           1           6          16   4237.7097668127080     
           3           1           6          17   4052.3741614688051     
           3           1           6          18   3877.3719531134470     
           3           1           7           1   8694.2927388934677     
           3           1           7           2   8227.8323175185324     
           3           1           7           3   7792.9236088961143     
           3           1           7           4   7387.0195736201376     
           3           1           7           5   7007.8106908621221     
           3           1           7           6   6653.1999351917912     
           3           1           7           7   6321.2806833918994     
           3           1           7           8   6010.3171747595125     
           3           1           7           9   5718.7272009479429     
           3           1           7          10   5445.0667460600553     
           3           1           7          11   5229.7571340751911     
           3           1           7          12   4985.6219142323853     
           3           1           7          13   4755.9617559272065     
           3           1           7          14   4539.7483353831949     
           3           1           7          15   4336.0379478298346     
           3           1           7          16   4143.9636246069231     
           3           1           7          17   3962.7280679245932     
           3           1           7          18   3791.5973100482920     
           3           1           8           1   8504.0608694026632     
           3           1           8           2   8047.8067254238194     
           3           1           8           3   7622.4139346878246     
           3           1           8           4   7225.3911876601178     
           3           1           8           5   6854.4794964165385     
           3           1           8           6   6507.6277189774464     
           3           1           8           7   6182.9709495271554     
           3           1           8           8   5878.8114062487366     
           3           1           8           9   5593.6014999167119     
           3           1           8          10   5325.9288100689837     
           3           1           8          11   5115.3302310557838     
           3           1           8          12   4876.5367565907491     
           3           1           8          13   4651.9016256290697     
           3           1           8          14   4440.4190143793667     
           3           1           8          15   4241.1658665707191     
           3           1           8          16   4053.2941830367517     
           3           1           8          17   3876.0241110649677     
           3           1           8          18   3708.6377423203471     
           3           1           9           1   8319.4072931777609     
           3           1           9           2   7873.0601385642158     
           3           1           9           3   7456.9042217187280     
           3           1           9           4   7068.5023287609183     
           3           1           9           5   6705.6445228489747     
           3           1           9           6   6366.3241999720667     
           3           1           9           7   6048.7169483990356     
           3           1           9           8   5751.1618515098398     
           3           1           9           9   5472.1449240324691     
           3           1           9          10   5210.2844144384435     
           3           1           9          11   5004.2587224018280     
           3           1           9          12   4770.6503523456613     
           3           1           9          13   4550.8928951673597     
           3           1           9          14   4344.0023672732959     
           3           1           9          15   4149.0757553975654     
           3           1           9          16   3965.2834736081104     
           3           1           9          17   3791.8626027120804     
           3           1           9          18   3628.1108228497842     
           3           1          10           1   8141.2816692446822     
           3           1          10           2   7704.4912653207984     
           3           1          10           3   7297.2456740620773     
           3           1          10           4   6917.1598648164527     
           3           1          10           5   6562.0712177376354     
           3           1          10           6   6230.0160922474606     
           3           1          10           7   5919.2091391252452     
           3           1          10           8   5628.0250036646630     
           3           1          10           9   5354.9821165576877     
           3           1          10          10   5098.7283109807377     
           3           1          10          11   4897.1138420349562     
           3           1          10          12   4668.5072689570788     
           3           1          10          13   4453.4550466253686     
           3           1          10          14   4250.9942595346674     
           3           1          10          15   4060.2412288503774     
           3           1          10          16   3880.3841309177469     
           3           1          10          17   3710.6763814184842     
           3           1          10          18   3550.4306978740210     
           4           1           1           1   2841.5860947723968     
           4           1           1           2   2919.4534927929394     
           4           1           1           3   3001.1953830490042     
           4           1           1           4   3087.0500035265154     
           4           1           1           5   3177.2739200308911     
           4           1           1           6   3272.1436931571411     
           4           1           1           7   3371.9577217628726     
           4           1           1           8   3477.0382842884510     
           4           1           1           9   3587.7338021815017     
           4           1           1          10   3704.4213530396069     
           4           1           1          11   3827.5094649607486     
           4           1           1          12   3957.4412280746865     
           4           1           1          13   4094.6977644251047     
           4           1           1          14   4239.8021034086532     
           4           1           1          15   4393.3235170025346     
           4           1           1          16   4528.1336470451051     
           4           1           1          17   4698.7382282076342     
           4           1           1          18   4879.6688812878765     
           4           1           1          19   5071.7226818228119     
           4           1           1          20   5275.7727130231415     
           4           1           2           1   2774.8691072692109     
           4           1           2           2   2850.9046640390484     
           4           1           2           3   2930.7233930862221     
           4           1           2           4   3014.5579031948946     
           4           1           2           5   3102.6586966860737     
           4           1           2           6   3195.2957967573534     
           4           1           2           7   3292.7605471136676     
           4           1           2           8   3395.3676047218055     
           4           1           2           9   3503.4571493641647     
           4           1           2          10   3617.3973369431674     
           4           1           2          11   3737.5870272699217     
           4           1           2          12   3864.4588214461082     
           4           1           2          13   3998.4824490193873     
           4           1           2          14   4140.1685509828767     
           4           1           2          15   4290.0729115449531     
           4           1           2          16   4421.7063892801925     
           4           1           2          17   4588.2902676432677     
           4           1           2          18   4764.9561431567690     
           4           1           2          19   4952.4821819180434     
           4           1           2          20   5151.7207467869475     
           4           1           3           1   2710.2656894641550     
           4           1           3           2   2784.5275620448215     
           4           1           3           3   2862.4841921215721     
           4           1           3           4   2944.3627388467698     
           4           1           3           5   3030.4078345229259     
           4           1           3           6   3120.8831735847866     
           4           1           3           7   3216.0732697962235     
           4           1           3           8   3316.2854019999190     
           4           1           3           9   3421.8517715324092     
           4           1           3          10   3533.1318976149337     
           4           1           3          11   3650.5152807222757     
           4           1           3          12   3774.4243682024462     
           4           1           3          13   3905.3178613700534     
           4           1           3          14   4043.6944090453335     
           4           1           3          15   4190.0967392021666     
           4           1           3          16   4318.6545980257370     
           4           1           3          17   4481.3456726208915     
           4           1           3          18   4653.8824585291113     
           4           1           3          19   4837.0248182527948     
           4           1           3          20   5031.6050584355362     
           4           1           4           1   2648.0940315155058     
           4           1           4           2   2720.6491012709703     
           4           1           4           3   2796.8138532541848     
           4           1           4           4   2876.8102032815136     
           4           1           4           5   2960.8771358864919     
           4           1           4           6   3049.2722564041387     
           4           1           4           7   3142.2735073496933     
           4           1           4           8   3240.1810689536023     
           4           1           4           9   3343.3194664243824     
           4           1           4          10   3452.0399096331394     
           4           1           4          11   3566.7228945187385     
           4           1           4          12   3687.7810996824383     
           4           1           4          13   3815.6626164741888     
           4           1           4          14   3950.8545564862256     
           4           1           4          15   4093.8870869029133     
           4           1           4          16   4219.4854715300398     
           4           1           4          17   4378.4307658323669     
           4           1           4          18   4546.9944330419212     
           4           1           4          19   4725.9187274284368     
           4           1           4          20   4916.0166616176766     
           4           1           5           1   2588.0373617760879     
           4           1           5           2   2658.9438023227372     
           4           1           5           3   2733.3777547614336     
           4           1           5           4   2811.5560710399209     
           4           1           5           5   2893.7122812705738     
           4           1           5           6   2980.0981101873440     
           4           1           5           7   3070.9851541121275     
           4           1           5           8   3166.6667378330148     
           4           1           5           9   3267.4599734434332     
           4           1           5          10   3373.7080462412241     
           4           1           5          11   3485.7827563074666     
           4           1           5          12   3604.0873484580434     
           4           1           5          13   3729.0596679814448     
           4           1           5          14   3861.1756850588799     
           4           1           5          15   4000.9534371436171     
           4           1           5          16   4123.6933771058275     
           4           1           5          17   4279.0207815515396     
           4           1           5          18   4443.7470044354786     
           4           1           5          19   4618.5972968194628     
           4           1           5          20   4804.3660404989741     
           4           1           6           1   2529.8125292837267     
           4           1           6           2   2599.1207318476750     
           4           1           6           3   2671.8767925576021     
           4           1           6           4   2748.2926549904664     
           4           1           6           5   2828.5965623638476     
           4           1           6           6   2913.0345394666065     
           4           1           6           7   3001.8720314314714     
           4           1           6           8   3095.3957183067537     
           4           1           6           9   3193.9155269702487     
           4           1           6          10   3297.7668649076877     
           4           1           6          11   3407.3131038180995     
           4           1           6          12   3522.9483449871027     
           4           1           6          13   3645.1005029808616     
           4           1           6          14   3774.2347495691392     
           4           1           6          15   3910.8573660190027     
           4           1           6          16   4030.8263836075098     
           4           1           6          17   4182.6466911447833     
           4           1           6          18   4343.6530071068401     
           4           1           6          19   4514.5541036859850     
           4           1           6          20   4696.1263066040465     
           4           1           7           1   2473.7127572351578     
           4           1           7           2   2541.4811524341940     
           4           1           7           3   2612.6206688441143     
           4           1           7           4   2687.3385217943437     
           4           1           7           5   2765.8578616552613     
           4           1           7           6   2848.4192225163106     
           4           1           7           7   2935.2821241741576     
           4           1           7           8   3026.7268459596185     
           4           1           7           9   3123.0563934589763     
           4           1           7          10   3224.5986820971598     
           4           1           7          11   3331.7089649117615     
           4           1           7          12   3444.7725357352560     
           4           1           7          13   3564.2077435092924     
           4           1           7          14   3690.4693586886419     
           4           1           7          15   3824.0523387833150     
           4           1           7          16   3941.3518807791579     
           4           1           7          17   4089.7935067266153     
           4           1           7          18   4247.2161429839407     
           4           1           7          19   4414.3126896873127     
           4           1           7          20   4591.8420815899890     
           4           1           8           1   2419.4585657954794     
           4           1           8           2   2485.7379038902618     
           4           1           8           3   2555.3141598744373     
           4           1           8           4   2628.3899773056214     
           4           1           8           5   2705.1835822804655     
           4           1           8           6   2785.9301999669074     
           4           1           8           7   2870.8836210326676     
           4           1           8           8   2960.3179360843560     
           4           1           8           9   3054.5294587019634     
           4           1           8          10   3153.8388604997558     
           4           1           8          11   3258.5935449305603     
           4           1           8          12   3369.1702903514024     
           4           1           8          13   3485.9781972733390     
           4           1           8          14   3609.4619798343406     
           4           1           8          15   3740.1056474874072     
           4           1           8          16   3854.8238321724389     
           4           1           8          17   3999.9983207993705     
           4           1           8          18   4153.9556080321008     
           4           1           8          19   4317.3732491859400     
           4           1           8          20   4490.9933659367798     
           4           1           9           1   2366.7994867609805     
           4           1           9           2   2431.6336359022512     
           4           1           9           3   2499.6926899014811     
           4           1           9           4   2571.1748558372160     
           4           1           9           5   2646.2935812868604     
           4           1           9           6   2725.2789396703893     
           4           1           9           7   2808.3791621784690     
           4           1           9           8   2895.8623339975843     
           4           1           9           9   2988.0182749601504     
           4           1           9          10   3085.1606275302797     
           4           1           9          11   3187.6291782487451     
           4           1           9          12   3295.7924424765492     
           4           1           9          13   3410.0505465832780     
           4           1           9          14   3530.8384467277624     
           4           1           9          15   3658.6295291990264     
           4           1           9          16   3770.8425330583486     
           4           1           9          17   3912.8463130170476     
           4           1           9          18   4063.4405476977345     
           4           1           9          19   4223.2879035659253     
           4           1           9          20   4393.1141890114895     
           4           1          10           1   2316.0059797051226     
           4           1          10           2   2379.4462229047613     
           4           1          10           3   2446.0419173321534     
           4           1          10           4   2515.9869915891036     
           4           1          10           5   2589.4902849461073     
           4           1          10           6   2666.7769026139154     
           4           1          10           7   2748.0897144065743     
           4           1          10           8   2833.6910141213070     
           4           1          10           9   2923.8643593227812     
           4           1          10          10   3018.9166139409663     
           4           1          10          11   3119.1802192339587     
           4           1          10          12   3225.0157223012916     
           4           1          10          13   3336.8145955450959     
           4           1          10          14   3455.0023853677312     
           4           1          10          15   3580.0422340865402     
           4           1          10          16   3689.8390757988386     
           4           1          10          17   3828.7848283275566     
           4           1          10          18   3976.1355439053696     
           4           1          10          19   4132.5395321695078     
           4           1          10          20   4298.7068713248418     
           5           1           1           1   1546.1825277820703     
           5           1           1           2   1575.1545558391645     
           5           1           1           3   1606.0545845915335     
           5           1           1           4   1635.2287372971168     
           5           1           1           5   1670.0792096470964     
           5           1           1           6   1707.2036699062774     
           5           1           1           7   1742.2261010142618     
           5           1           1           8   1784.0414996643030     
           5           1           1           9   1828.5748107374168     
           5           1           1          10   1876.0078373304495     
           5           1           1          11   1920.7650982418788     
           5           1           1          12   1974.2326413057062     
           5           1           1          13   2031.2266383010915     
           5           1           1          14   2085.0568162451209     
           5           1           1          15   2149.4373284814260     
           5           1           1          16   2218.1619972302751     
           5           1           1          17   2283.1711502473549     
           5           1           1          18   2361.0552832776207     
           5           1           1          19   2444.3616226011095     
           5           1           1          20   2523.3271485292980     
           5           1           1          21   2618.1444537690750     
           5           1           1          22   2719.8227269146914     
           5           1           1          23   2828.9691016707088     
           5           1           1          24   2932.8018612090505     
           5           1           2           1   1509.9150821829633     
           5           1           2           2   1538.2066507363998     
           5           1           2           3   1568.3809075413747     
           5           1           2           4   1596.8697970591800     
           5           1           2           5   1630.9016411625757     
           5           1           2           6   1667.1540154197569     
           5           1           2           7   1701.3536992218772     
           5           1           2           8   1742.1867198566215     
           5           1           2           9   1785.6737407408245     
           5           1           2          10   1831.9922824768387     
           5           1           2          11   1875.6978652339428     
           5           1           2          12   1927.9089818638604     
           5           1           2          13   1983.5635902903775     
           5           1           2          14   2036.1286423391468     
           5           1           2          15   2098.9959608284444     
           5           1           2          16   2166.1051977075131     
           5           1           2          17   2229.5861296407957     
           5           1           2          18   2305.6392202568481     
           5           1           2          19   2386.9868521358444     
           5           1           2          20   2464.0955530563419     
           5           1           2          21   2556.6830607486959     
           5           1           2          22   2655.9699154545183     
           5           1           2          23   2762.5489155167165     
           5           1           2          24   2863.9389941590316     
           5           1           3           1   1474.7953639349596     
           5           1           3           2   1502.4280376639729     
           5           1           3           3   1531.8995242487927     
           5           1           3           4   1559.7248694460488     
           5           1           3           5   1592.9640323020278     
           5           1           3           6   1628.3719634047006     
           5           1           3           7   1661.7749802184123     
           5           1           3           8   1701.6567650382310     
           5           1           3           9   1744.1306660688765     
           5           1           3          10   1789.3700575702264     
           5           1           3          11   1832.0573076967191     
           5           1           3          12   1883.0518381161060     
           5           1           3          13   1937.4095321278774     
           5           1           3          14   1988.7495805194756     
           5           1           3          15   2050.1516986134548     
           5           1           3          16   2115.6967442416485     
           5           1           3          17   2177.6979337809162     
           5           1           3          18   2251.9780723728927     
           5           1           3          19   2331.4291439892295     
           5           1           3          20   2406.7399406993013     
           5           1           3          21   2497.1684147066480     
           5           1           3          22   2594.1397534256807     
           5           1           3          23   2698.2328767747349     
           5           1           3          24   2797.2578244741617     
           5           1           4           1   1440.9964599725904     
           5           1           4           2   1467.9950480629184     
           5           1           4           3   1496.7902266149476     
           5           1           4           4   1523.9770135791614     
           5           1           4           5   1556.4533451490092     
           5           1           4           6   1591.0486336332501     
           5           1           4           7   1623.6849861067292     
           5           1           4           8   1662.6513604895051     
           5           1           4           9   1704.1502996587933     
           5           1           4          10   1748.3511880609883     
           5           1           4          11   1790.0584639943943     
           5           1           4          12   1839.8822370216478     
           5           1           4          13   1892.9918744764911     
           5           1           4          14   1943.1530709067326     
           5           1           4          15   2003.1451933007900     
           5           1           4          16   2067.1849864195469     
           5           1           4          17   2127.7621943607569     
           5           1           4          18   2200.3361958562041     
           5           1           4          19   2277.9621865833892     
           5           1           4          20   2351.5428460496223     
           5           1           4          21   2439.8936725241342     
           5           1           4          22   2534.6367890020579     
           5           1           4          23   2636.3377620095634     
           5           1           4          24   2733.0867621951484     
           5           1           5           1   1408.3462714645052     
           5           1           5           2   1434.7323516387371     
           5           1           5           3   1462.8742376116691     
           5           1           5           4   1489.4441979957523     
           5           1           5           5   1521.1836603317420     
           5           1           5           6   1554.9939648183415     
           5           1           5           7   1586.8897479031723     
           5           1           5           8   1624.9718712111674     
           5           1           5           9   1665.5290367627604     
           5           1           5          10   1708.7267753472083     
           5           1           5          11   1749.4874398279751     
           5           1           5          12   1798.1803157618081     
           5           1           5          13   1850.0843916285642     
           5           1           5          14   1899.1068774456335     
           5           1           5          15   1957.7370196528232     
           5           1           5          16   2020.3228237113078     
           5           1           5          17   2079.5245495623531     
           5           1           5          18   2150.4505283068256     
           5           1           5          19   2226.3136097729121     
           5           1           5          20   2298.2230748538823     
           5           1           5          21   2384.5670427349742     
           5           1           5          22   2477.1578646226590     
           5           1           5          23   2576.5482103910276     
           5           1           5          24   2671.0988350852167     
           5           1           6           1   1376.6909541407701     
           5           1           6           2   1402.4832157047035     
           5           1           6           3   1429.9917437272206     
           5           1           6           4   1455.9637002525137     
           5           1           6           5   1486.9887802643732     
           5           1           6           6   1520.0380572058932     
           5           1           6           7   1551.2158730498697     
           5           1           6           8   1588.4407340518055     
           5           1           6           9   1628.0848721714062     
           5           1           6          10   1670.3100824911753     
           5           1           6          11   1710.1530330489261     
           5           1           6          12   1757.7495374828368     
           5           1           6          13   1808.4848595652963     
           5           1           6          14   1856.4034040830431     
           5           1           6          15   1913.7131559783634     
           5           1           6          16   1974.8893743489823     
           5           1           6          17   2032.7576276128616     
           5           1           6          18   2102.0859215836826     
           5           1           6          19   2176.2399464414830     
           5           1           6          20   2246.5292733381548     
           5           1           6          21   2330.9277002459849     
           5           1           6          22   2421.4319967698802     
           5           1           6          23   2518.5823318537309     
           5           1           6          24   2611.0017755968315     
           5           1           7           1   1346.1900170334459     
           5           1           7           2   1371.4101391940596     
           5           1           7           3   1398.3084328002453     
           5           1           7           4   1423.7042190150987     
           5           1           7           5   1454.0410002884239     
           5           1           7           6   1486.3570375458626     
           5           1           7           7   1516.8431028134682     
           5           1           7           8   1553.2420059274100     
           5           1           7           9   1592.0064590284933     
           5           1           7          10   1633.2946582195896     
           5           1           7          11   1672.2534118741869     
           5           1           7          12   1718.7935889919052     
           5           1           7          13   1768.4028477741213     
           5           1           7          14   1815.2577765349306     
           5           1           7          15   1871.2953733352419     
           5           1           7          16   1931.1135032919206     
           5           1           7          17   1987.6970039974412     
           5           1           7          18   2055.4859908955596     
           5           1           7          19   2127.9934114607895     
           5           1           7          20   2196.7218081475608     
           5           1           7          21   2279.2458001543077     
           5           1           7          22   2367.7398376035098     
           5           1           7          23   2462.7320469751439     
           5           1           7          24   2553.0982244847096     
           5           1           8           1   1316.6915995407282     
           5           1           8           2   1341.3584106090277     
           5           1           8           3   1367.6665525375568     
           5           1           8           4   1392.5051308637410     
           5           1           8           5   1422.1762670163173     
           5           1           8           6   1453.7831984216518     
           5           1           8           7   1483.6002824029092     
           5           1           8           8   1519.2004157141714     
           5           1           8           9   1557.1141419635796     
           5           1           8          10   1597.4961770360062     
           5           1           8          11   1635.5998437487865     
           5           1           8          12   1681.1184725298397     
           5           1           8          13   1729.6387454533592     
           5           1           8          14   1775.4650820084780     
           5           1           8          15   1830.2724171083714     
           5           1           8          16   1888.7771853727754     
           5           1           8          17   1944.1182482783013     
           5           1           8          18   2010.4186310158291     
           5           1           8          19   2081.3336893558553     
           5           1           8          20   2148.5525802824563     
           5           1           8          21   2229.2638960680774     
           5           1           8          22   2315.8139153105576     
           5           1           8          23   2408.7191202905774     
           5           1           8          24   2497.0997048591166     
           5           1           9           1   1288.0595955573713     
           5           1           9           2   1312.1893689505496     
           5           1           9           3   1337.9247168718082     
           5           1           9           4   1362.2224767225036     
           5           1           9           5   1391.2475475582021     
           5           1           9           6   1422.1662323454077     
           5           1           9           7   1451.3340149388937     
           5           1           9           8   1486.1588776628137     
           5           1           9           9   1523.2469062814166     
           5           1           9          10   1562.7494391264122     
           5           1           9          11   1600.0231795041807     
           5           1           9          12   1644.5503205739499     
           5           1           9          13   1692.0136550404345     
           5           1           9          14   1736.8416716691229     
           5           1           9          15   1790.4549553980605     
           5           1           9          16   1847.6850214673598     
           5           1           9          17   1901.8202214770963     
           5           1           9          18   1966.6758255217005     
           5           1           9          19   2036.0454064811920     
           5           1           9          20   2101.7992413114684     
           5           1           9          21   2180.7512634563977     
           5           1           9          22   2265.4145217602950     
           5           1           9          23   2356.2941986387677     
           5           1           9          24   2442.7476865622352     
           5           1          10           1   1260.4411350725109     
           5           1          10           2   1284.0529019687235     
           5           1          10           3   1309.2357548638768     
           5           1          10           4   1333.0118627078703     
           5           1          10           5   1361.4137654435351     
           5           1          10           6   1391.6685967615329     
           5           1          10           7   1420.2100917252310     
           5           1          10           8   1454.2871636224436     
           5           1          10           9   1490.5787631614924     
           5           1          10          10   1529.2329711032201     
           5           1          10          11   1565.7062065248442     
           5           1          10          12   1609.2770105536999     
           5           1          10          13   1655.7208798156737     
           5           1          10          14   1699.5859735373670     
           5           1          10          15   1752.0475454866209     
           5           1          10          16   1808.0481118289063     
           5           1          10          17   1861.0202132018926     
           5           1          10          18   1924.4822793240096     
           5           1          10          19   1992.3611994792877     
           5           1          10          20   2056.7019464862324     
           5           1          10          21   2133.9570857086837     
           5           1          10          22   2216.8005220184805     
           5           1          10          23   2305.7265401646232     
           5           1          10          24   2390.3213151319460     
           6           1           1           1   1090.4833166759104     
           6           1           1           2   1052.0065391485111     
           6           1           1           3   1016.1947155150491     
           6           1           1           4   983.22157751371765     
           6           1           1           5   952.55624497032795     
           6           1           1           6   924.21162312428817     
           6           1           1           7   898.16744890722111     
           6           1           1           8   874.01235561468354     
           6           1           1           9   851.76397289482873     
           6           1           1          10   831.41163736767294     
           6           1           1          11   812.63899398705883     
           6           1           1          12   795.55091540143519     
           6           1           1          13   779.88418002241212     
           6           1           1          14   765.65746403494745     
           6           1           1          15   752.86697899315539     
           6           1           1          16   741.31791374630302     
           6           1           2           1   1064.9577015182424     
           6           1           2           2   1027.3819033675140     
           6           1           2           3   992.40864911538824     
           6           1           2           4   960.20760349123839     
           6           1           2           5   930.26031835051026     
           6           1           2           6   902.57939769227107     
           6           1           2           7   877.14505389217618     
           6           1           2           8   853.55555337229976     
           6           1           2           9   831.82811376982329     
           6           1           2          10   811.95232218402305     
           6           1           2          11   793.61923164268285     
           6           1           2          12   776.93125990518126     
           6           1           2          13   761.63134916327249     
           6           1           2          14   747.73773885260709     
           6           1           2          15   735.24672975390115     
           6           1           2          16   723.96807247872391     
           6           1           3           1   1040.2380500840202     
           6           1           3           2   1003.5347717598428     
           6           1           3           3   969.37359894526207     
           6           1           3           4   937.92025778791708     
           6           1           3           5   908.66833944893779     
           6           1           3           6   881.63015616953112     
           6           1           3           7   856.78638071816260     
           6           1           3           8   833.74460834162539     
           6           1           3           9   812.52165765251652     
           6           1           3          10   793.10735829029090     
           6           1           3          11   775.19993734678883     
           6           1           3          12   758.89943520708812     
           6           1           3          13   743.95476314096516     
           6           1           3          14   730.38373761062178     
           6           1           3          15   718.18274578709281     
           6           1           3          16   707.16595594931005     
           6           1           4           1   1016.4463617015977     
           6           1           4           2   980.58283854555407     
           6           1           4           3   947.20325230384390     
           6           1           4           4   916.46953840643971     
           6           1           4           5   887.88687519565792     
           6           1           4           6   861.46729407993530     
           6           1           4           7   837.19191090075924     
           6           1           4           8   814.67729939997992     
           6           1           4           9   793.93989412340488     
           6           1           4          10   774.96975811739253     
           6           1           4          11   757.47202313108357     
           6           1           4          12   741.54444142294290     
           6           1           4          13   726.94166918698670     
           6           1           4          14   713.68111577664115     
           6           1           4          15   701.75925149240049     
           6           1           4          16   690.99449638844055     
           6           1           5           1   993.46165880695048     
           6           1           5           2   958.40939723978624     
           6           1           5           3   925.78487791226473     
           6           1           5           4   895.74637412435197     
           6           1           5           5   867.81025821125775     
           6           1           5           6   841.98829024838892     
           6           1           5           7   818.26201408700842     
           6           1           5           8   796.25667730142004     
           6           1           5           9   775.98834337758478     
           6           1           5          10   757.44730082506305     
           6           1           5          11   740.34535176213194     
           6           1           5          12   724.77803793325677     
           6           1           5          13   710.50556552260412     
           6           1           5          14   697.54495057072927     
           6           1           5          15   685.89274367113921     
           6           1           5          16   675.37147238618138     
           6           1           6           1   971.17577906004192     
           6           1           6           2   936.91010403818041     
           6           1           6           3   905.01768598025012     
           6           1           6           4   875.65324740950882     
           6           1           6           5   848.34401415710397     
           6           1           6           6   823.10148319053405     
           6           1           6           7   799.90761332472221     
           6           1           6           8   778.39606213204945     
           6           1           6           9   758.58253330116327     
           6           1           6          10   740.45753392444249     
           6           1           6          11   723.73933359858188     
           6           1           6          12   708.52133076418863     
           6           1           6          13   694.56911278513962     
           6           1           6          14   681.89931433524725     
           6           1           6          15   670.50856384387600     
           6           1           6          16   660.22337144822814     
           6           1           7           1   949.70115679127593     
           6           1           7           2   916.19342572542723     
           6           1           7           3   885.00645055267057     
           6           1           7           4   856.29153228592315     
           6           1           7           5   829.58635501243600     
           6           1           7           6   804.90216214649274     
           6           1           7           7   782.22131232998061     
           6           1           7           8   761.18556688020544     
           6           1           7           9   741.81028276794439     
           6           1           7          10   724.08617768751242     
           6           1           7          11   707.73775320196773     
           6           1           7          12   692.85634247116229     
           6           1           7          13   679.21271808592155     
           6           1           7          14   666.82314722454475     
           6           1           7          15   655.68433330384721     
           6           1           7          16   645.62662401450461     
           6           1           8           1   928.93100784873218     
           6           1           8           2   896.15634792734306     
           6           1           8           3   865.65166589126329     
           6           1           8           4   837.56495349478485     
           6           1           8           5   811.44400985969537     
           6           1           8           6   787.29983314312278     
           6           1           8           7   765.11516866830368     
           6           1           8           8   744.53961555106036     
           6           1           8           9   725.58819540135471     
           6           1           8          10   708.25182958403582     
           6           1           8          11   692.26104711296273     
           6           1           8          12   677.70518362041730     
           6           1           8          13   664.36002676143244     
           6           1           8          14   652.24148826371811     
           6           1           8          15   641.34634405740906     
           6           1           8          16   631.50865345214481     
           6           1           9           1   908.76961186600272     
           6           1           9           2   876.70652938326850     
           6           1           9           3   846.86413576397945     
           6           1           9           4   819.38721050386857     
           6           1           9           5   793.83337116494272     
           6           1           9           6   770.21337781474938     
           6           1           9           7   748.51035109673796     
           6           1           9           8   728.38149810837569     
           6           1           9           9   709.84151491175851     
           6           1           9          10   692.88152055135572     
           6           1           9          11   677.23789476046284     
           6           1           9          12   662.99803419108594     
           6           1           9          13   649.94259451708228     
           6           1           9          14   638.08714242325448     
           6           1           9          15   627.42852421427995     
           6           1           9          16   617.80440199311454     
           6           1          10           1   889.32068360950939     
           6           1          10           2   857.94402504543302     
           6           1          10           3   828.74050879941831     
           6           1          10           4   801.85181563249409     
           6           1          10           5   776.84503445577286     
           6           1          10           6   753.73069564136927     
           6           1          10           7   732.49228186349444     
           6           1          10           8   712.79433925574085     
           6           1          10           9   694.65124982136331     
           6           1          10          10   678.05432327852009     
           6           1          10          11   662.74558325741066     
           6           1          10          12   648.81055595148860     
           6           1          10          13   636.03459297092149     
           6           1          10          14   624.43292814116626     
           6           1          10          15   614.00247564182087     
           6           1          10          16   604.58437301350421     
