   2.4103610787074115E-004
   8.4712176879674766E-007
  0.10248008641634905     
   1.1398369990351016E-004
   3.5332672537195776E-003
   4.6063324939157407E-002
   1.2961964561592652E-002
   8.6846624917582878E-003
   7.0627707422108990E-003
   9.9466751673327821E-004
   21.600291659555623     
  0.48449262596177772     
   1.0903430046124471E-007
   1.4223474103167140     
   4.4996140624589742     
   2346.5051095752256     
   4.3958951009454390E-003
   1.2536606391032549E-005
  0.72496928445711661     
   1.3936772607478904E-003
   2.1836728734095739E-002
  0.28469056206756754     
   8.0173806789710117E-002
   6.2850297013762449E-002
   5.1226562199448045E-002
   7.2647664162702333E-003
   55.448508508071207     
   2.3169095887037767     
   5.2453823621597669E-007
   3.1425094785359495     
   9.9569662531195622     
   2106.5269472748564     
   2.9123362532412943E-002
   7.7589079246195914E-005
   2.5168445370745300     
   7.7842141399829768E-003
   7.7796656525332880E-002
   1.0142532848290178     
  0.28564968368878596     
  0.23817036919296963     
  0.19466152089627106     
   2.7949376836398563E-002
   99.409882536576745     
   6.8243310898336871     
   1.5561087925759313E-006
   5.8301559453373111     
   18.505672903429168     
   2067.6811002743530     
  0.31142654206220827     
   9.6140754600265504E-004
   12.655791829376225     
   8.7693455873475309E-002
  0.49765752856697154     
   6.4880781448218441     
   1.8278269090571928     
   1.3912860053635967     
   1.1443290495924885     
  0.16976891744250167     
   233.33915768171559     
   35.904341336912559     
   1.7644844959172274E-004
   18.677458276714617     
   59.523971205419677     
   2660.5270512910361     
  0.71761657149291569     
   3.1788667684205484E-003
   21.148135168947316     
  0.34301755174922710     
   1.2402236526208450     
   16.169087901574539     
   4.5711413712614748     
   2.3371761789614207     
   1.9347853120769258     
  0.29863703817201764     
   271.63532818735189     
   91.128768404814537     
   2.1548294743190610E-005
   38.304990318848688     
   122.10274740123351     
   2671.2288834141323     
   6.2001419591212047E-002
   5.3139648573928219E-004
   2.0148071219267836     
  0.10110979497618243     
  0.23658469202177834     
   3.0844107003389656     
  0.87993084268940880     
   8.6707844270177067E-002
   7.2314413980197320E-002
   1.1701579492988069E-002
   25.321419823834521     
   21.123143484444679     
   4.9947900469910215E-006
   8.5184306293459073     
   27.004292599377411     
   336.99797498653447     
