   1.8918650745400244E-004
   9.7197074271241054E-007
   7.6141978648504624E-002
   1.1461294765105637E-004
   3.8776568642756300E-003
   5.0553525252749337E-002
   1.4214278110263726E-002
   7.6315101847925009E-003
   6.2013003558802687E-003
   8.6785017501167332E-004
   16.949093762126797     
  0.49145712777700484     
   1.1060172785423127E-007
   1.9434374317989871     
   5.6023272403073472     
   2390.0877761638335     
   3.2317505256608606E-003
   1.2898228332182737E-005
  0.54489442410186895     
   1.4020322738783799E-003
   2.1752985024605171E-002
  0.28359877462907446     
   7.9814590969211063E-002
   5.2357088010961735E-002
   4.2629619287244146E-002
   6.0138118669883318E-003
   44.945427235681201     
   2.3567878248040817     
   5.3356751346898918E-007
   3.9297550261522503     
   11.339922780527212     
   2163.9214069734389     
   2.1519408419533679E-002
   7.5647661817294939E-005
   1.9184548542103246     
   7.8452150199841020E-003
   7.2817491353353039E-002
  0.94933873687338621     
  0.26727170005847972     
  0.19620248249268793     
  0.16020081587306581     
   2.2881671482912123E-002
   83.794535625991600     
   6.9801471532441930     
   1.5916451248237030E-006
   6.8619747952856649     
   19.872621900982896     
   2140.5343373696328     
  0.23228209925231888     
   8.6114823219214816E-004
   9.9775247115979493     
   8.9204431244825119E-002
  0.44780046731988815     
   5.8380799151388407     
   1.6444280530028763     
   1.1905248206878019     
  0.97853624750085222     
  0.14457047340437171     
   216.70888623660002     
   37.399546206270124     
   1.8369990806625673E-003
   20.593937005776173     
   59.889855661334828     
   2786.0588145741626     
  0.53696568255916921     
   2.7756364699231925E-003
   17.347462533255499     
  0.35570893392391251     
   1.1438943440011999     
   14.913219988676692     
   4.2152131611917669     
   2.1651101725808330     
   1.7917752092928707     
  0.27592793616851796     
   287.93072993536572     
   96.863477104577441     
   2.2904349139309948E-005
   40.843276788632380     
   117.00744716122490     
   2810.9413104516079     
   4.5365393963917096E-002
   4.6706535227170482E-004
   1.7190836163820729     
  0.10772331451025983     
  0.23322245765483895     
   3.0405764520287968     
  0.86736156390908381     
   9.0161902605777791E-002
   7.5190868503105357E-002
   1.2160486640511255E-002
   32.973449367196388     
   22.585709583312156     
   5.3406292255471610E-006
   8.8621070466465799     
   24.615965919272753     
   354.78661851417900     
