   2.4230825753763737E-004
   8.2492698592490660E-007
  0.10462585881218345     
   1.1399622616373883E-004
   3.4114609903519669E-003
   4.4475357884678712E-002
   1.2515512351490640E-002
   8.3521824295637193E-003
   6.7918551199523036E-003
   9.5613179768599477E-004
   23.562838041806064     
  0.48485344449988349     
   1.0911553394892460E-007
   1.4216125313736123     
   4.4972543207271087     
   2346.0870963669854     
   4.4297837276731445E-003
   1.2020761143321393E-005
  0.74652885030068072     
   1.3940104786403370E-003
   2.0776331543214333E-002
  0.27086591500795276     
   7.6290921936545533E-002
   6.0584124686384848E-002
   4.9379947736097544E-002
   7.0028816620006954E-003
   62.359950879924305     
   2.3208701013464839     
   5.2543511189214176E-007
   3.1354641532189511     
   9.9342382714836912     
   2104.9537481420984     
   2.9415757517378252E-002
   7.3548746908418396E-005
   2.6186668432820710     
   7.7869308443205172E-003
   7.3533898148547300E-002
  0.95867870384467369     
  0.27005485418767883     
  0.23232712803463174     
  0.18990732748430803     
   2.7279630389940402E-002
   115.90617014020042     
   6.8427199542212662     
   1.5603023584934513E-006
   5.7954285708606896     
   18.393276766744965     
   2064.1920491023952     
  0.31544464556225577     
   9.0515975354022577E-004
   13.504131574606816     
   8.7660492865165363E-002
  0.47551428444943661     
   6.1993914736064371     
   1.7467733463162303     
   1.4207204318048732     
   1.1688309099398226     
  0.17357923613838125     
   298.18859118822485     
   35.873359848450953     
   1.7427105244754147E-004
   18.299491868561873     
   58.300502034073610     
   2651.4321836460226     
  0.72350727843194129     
   3.0296092031731566E-003
   23.232567907346155     
  0.34162366999427513     
   1.2334927357527583     
   16.081335354579839     
   4.5465638528693795     
   2.5587135153900129     
   2.1187436055954554     
  0.32747468578844502     
   396.72419387613314     
   88.321226733410811     
   2.0884423056652209E-005
   36.523790154781885     
   116.39254373312940     
   2673.8706082739836     
   6.0356356073014983E-002
   5.2276788484079107E-004
   2.2551839452837230     
  0.10022349529271418     
  0.25237834093975492     
   3.2903162445724674     
  0.93867877731117166     
  0.10442823157160726     
   8.7097106354256895E-002
   1.4098531845029265E-002
   46.275740156066995     
   18.971525910455490     
   4.4860173729644197E-006
   7.8063736294695723     
   24.749423532383805     
   344.92655505281715     
