   1.8915496629433974E-004
   9.8401397034997017E-007
   7.6139140408520184E-002
   1.1457143259832017E-004
   3.9481018083116588E-003
   5.1471921604944411E-002
   1.4474211217899787E-002
   7.8863332607871216E-003
   6.4082952334495848E-003
   8.9896391727280645E-004
   16.956154538354834     
  0.49113715789609752     
   1.1052971938583984E-007
   2.1415334720953263     
   5.6202448057888672     
   2392.4432819675262     
   3.2301794085288962E-003
   1.3072528782034118E-005
  0.54470593250353994     
   1.4012073834062495E-003
   2.2405956456850395E-002
  0.29211171666465158     
   8.2216122102799535E-002
   5.4107374693050929E-002
   4.4051528547220414E-002
   6.2120524824074430E-003
   44.962804866424818     
   2.3553812444051747     
   5.3324908931414220E-007
   4.3991929008423734     
   11.572455814522911     
   2167.1634197361986     
   2.1496842747080872E-002
   7.8434372231402373E-005
   1.9167635527147022     
   7.8380336278473326E-003
   7.5497774562668568E-002
  0.98428221863877441     
  0.27711412122657259     
  0.20229661847858535     
  0.16515541092941505     
   2.3572660211632800E-002
   83.817562531352067     
   6.9767882024976409     
   1.5908793474582912E-006
   7.6997882479567030     
   20.311438424496966     
   2144.7896367835665     
  0.23154781130452703     
   9.0694297550073183E-004
   9.9501982237559812     
   8.9033047765820494E-002
  0.46564126101796127     
   6.0706745349338034     
   1.7099831356526751     
   1.2216681116841446     
   1.0040007911520574     
  0.14821782487322974     
   216.75231776712155     
   37.401583050554116     
   1.8374650672498896E-003
   22.459482438224985     
   59.518552145020465     
   2795.3143494150722     
  0.53286610029500669     
   2.9681017981018297E-003
   17.230158975213527     
  0.35438918080854726     
   1.1938046110449079     
   15.563911902301664     
   4.3995155138070485     
   2.2175604466605519     
   1.8350549331922055     
  0.28247378656672817     
   288.17241000930596     
   97.019492974243079     
   2.2941240680070271E-005
   42.041607721427148     
   111.15903100911358     
   2827.4643523528271     
   4.4503695045187641E-002
   5.1467166320338421E-004
   1.6860129729458999     
  0.10704812387027396     
  0.24760147736381308     
   3.2280391411193805     
  0.92088347474898757     
   9.2689265704368362E-002
   7.7298084173296408E-002
   1.2500592704601165E-002
   33.039763910917110     
   22.689387649216922     
   5.3651449980042932E-006
   8.4997801046545600     
   22.280195490274064     
   358.36390078105939     
