   1.8909614739519515E-004
   1.0082618650933379E-006
   7.6126619381994762E-002
   1.1451636034571950E-004
   4.0916272464194686E-003
   5.3343075599076827E-002
   1.5002150383030988E-002
   8.2507575718380431E-003
   6.7041799144383655E-003
   9.4036989317889156E-004
   16.963530817202294     
  0.49080410757720183     
   1.1045475942851486E-007
   1.9323740112934178     
   6.1965857780165763     
   2395.8390844710507     
   3.2275570501813845E-003
   1.3538913074663719E-005
  0.54432819117295972     
   1.3998158179101125E-003
   2.3599231142886468E-002
  0.30766871907794918     
   8.6597822977418359E-002
   5.6701840742935432E-002
   4.6157369394346864E-002
   6.5047486760821263E-003
   44.976591362498056     
   2.3531080163622891     
   5.3273436630673693E-007
   4.0754549365719930     
   13.103742776688236     
   2172.3653830473045     
   2.1460691108571555E-002
   8.2889730571847849E-005
   1.9136478786842603     
   7.8239079349294860E-003
   8.0248874880446033E-002
   1.0462234290797532     
  0.29454072839166140     
  0.21169514598039316     
  0.17279218424278162     
   2.4636398267304769E-002
   83.812237469234120     
   6.9666083014471063     
   1.5885575867805191E-006
   7.2072247135831935     
   23.242480267869240     
   2152.2327208400088     
  0.23043374377946391     
   9.7350296728492729E-004
   9.9013518047431113     
   8.8641213246391695E-002
  0.49690046607132549     
   6.4782081339210933     
   1.8246933682646953     
   1.2720047140287483     
   1.0451469706194130     
  0.15410409778375972     
   216.45815976104987     
   37.284377905647595     
   3.1798116491440521E-003
   20.758012114257578     
   67.246463489661323     
   2813.0333818438594     
  0.52718135086620210     
   3.2169266167335997E-003
   17.035051137861092     
  0.35134498889280441     
   1.2720498540678398     
   16.584013566497397     
   4.6879984898358353     
   2.2965476602426427     
   1.9001776360534441     
  0.29226070225539430     
   287.15648459504933     
   96.485332226286900     
   2.2814932956091585E-005
   37.366520855494620     
   120.67203064690220     
   2858.8178250633641     
   4.3470647108226505E-002
   5.6678110232951317E-004
   1.6400931210833376     
  0.10558829128218550     
  0.26444149880516898     
   3.4475864925932433     
  0.98354421050071883     
   9.5514506746823491E-002
   7.9652966521498655E-002
   1.2879641013702236E-002
   32.766435071506585     
   22.515556008445355     
   5.3240406730483214E-006
   7.1668566457971004     
   22.932184202178288     
   364.77795475503837     
