   1.8920241491415381E-004
   9.6531090505846429E-007
   7.6143444606224311E-002
   1.1463329988965961E-004
   3.8376390062653826E-003
   5.0031809127733418E-002
   1.4066725960214153E-002
   7.4996237763468648E-003
   6.0941437132924535E-003
   8.5284828494365820E-004
   16.945392119889110     
  0.49160819089998875     
   1.1063572490137099E-007
   1.9049688412485686     
   5.5695863870288838     
   2388.8199633933973     
   3.2325609536001036E-003
   1.2724659742975761E-005
  0.54499628100591313     
   1.4024751855171611E-003
   2.1387351628254045E-002
  0.27883192611250035     
   7.8470387409498341E-002
   5.1434011268759960E-002
   4.1880114505394465E-002
   5.9095180642307552E-003
   44.936527399493180     
   2.3575282797163211     
   5.3373514868181831E-007
   3.8139745425842548     
   11.160743579600195     
   2162.1105405759872     
   2.1531205263494366E-002
   7.4167925143557882E-005
   1.9193934416393608     
   7.8493492889533494E-003
   7.1292093535405873E-002
  0.92945176726708867     
  0.26167280823315148     
  0.19289380382076268     
  0.15751239770425016     
   2.2507481647255689E-002
   83.785463777282743     
   6.9823895679175036     
   1.5921564460349466E-006
   6.6337871147898513     
   19.487567110727522     
   2138.0942172408745     
  0.23266929145267876     
   8.3668061915662204E-004
   9.9933645937207789     
   8.9312430190912825E-002
  0.43695162769114454     
   5.6966410443540765     
   1.6046037590797821     
   1.1722281738557900     
  0.96358682073615498     
  0.14243694710463731     
   216.74084587129286     
   37.411443447802995     
   1.8373637447769257E-003
   20.074486760974413     
   59.231402553235817     
   2780.6636221461722     
  0.53907856837025059     
   2.6737095318435477E-003
   17.416002269824208     
  0.35657246310126761     
   1.1119541454488144     
   14.496808096458118     
   4.0974338780947956     
   2.1317400236990740     
   1.7642607307134150     
  0.27178921726250421     
   288.05386347588393     
   96.872736799555341     
   2.2906538686051228E-005
   40.689343965075146     
   117.98615028291431     
   2801.4215984043690     
   4.5780191160028148E-002
   4.4314302470221234E-004
   1.7372946147744643     
  0.10816424325589548     
  0.22433992896559360     
   2.9247728199933429     
  0.83431339317321707     
   8.8515260843338453E-002
   7.3818284714239762E-002
   1.1939421385500172E-002
   33.015939772897703     
   22.573145368879768     
   5.3376582844683114E-006
   9.0705031966435623     
   25.377372276790041     
   352.73052589910071     
