   1.8912936983445178E-004
   9.9470846605757049E-007
   7.6133910198528304E-002
   1.1454703537492769E-004
   4.0116905866292374E-003
   5.2300934190509886E-002
   1.4708144427115986E-002
   8.0498594842456309E-003
   6.5410688638310281E-003
   9.1754582623199360E-004
   16.959588998179623     
  0.49098745552509437     
   1.1049602593650559E-007
   2.0416084942248438     
   5.8801588278863610     
   2393.9821560278465     
   3.2290248217750612E-003
   1.3314896452743297E-005
  0.54454080064661470     
   1.4005926862599549E-003
   2.2937135599070638E-002
  0.29903682393277664     
   8.4166763823571009E-002
   5.5272152754742981E-002
   4.4996948675535137E-002
   6.3434638040717984E-003
   44.969497547859753     
   2.3543757351476002     
   5.3302141512297943E-007
   4.2456597040349715     
   12.258915224989424     
   2169.5160974900505     
   2.1480836635593872E-002
   8.0403027602705233E-005
   1.9153862824233965     
   7.8317987432957124E-003
   7.7621284034979490E-002
   1.0119669102545548     
  0.28490328198373160     
  0.20652388662169108     
  0.16859025565571520     
   2.4051095402852277E-002
   83.816376366240803     
   6.9723338847915430     
   1.5898634429487326E-006
   7.4688338212891203     
   21.627643898631998     
   2148.1487362270941     
  0.23105170861274693     
   9.3677946039081835E-004
   9.9283973264943040     
   8.8859879503536118E-002
  0.47974306393583860     
   6.2545230520261184     
   1.7617306737647713     
   1.2444970141104168     
   1.0226609872927805     
  0.15088689803028676     
   216.62343041043621     
   37.350566228256390     
   1.8350740566856450E-003
   21.670357893567530     
   63.039013903453728     
   2803.2945087684470     
  0.53032686588926348     
   3.0804129273495997E-003
   17.142511875480142     
  0.35303941353680335     
   1.2296182675246097     
   16.030822977630091     
   4.5315481522249579     
   2.2539724192202124     
   1.8650749977362331     
  0.28698481488139521     
   287.71593860771378     
   96.786261494737218     
   2.2886090732285455E-005
   39.859530458217769     
   115.65031487138022     
   2841.6221596395567     
   4.4042310818278252E-002
   5.3830191362895334E-004
   1.6652910446859490     
  0.10639871182348838     
  0.25545899958507307     
   3.3304795209135225     
  0.95011965978364799     
   9.4030854994682875E-002
   7.8416308232121534E-002
   1.2680569532273559E-002
   32.915053227320080     
   22.613156286046728     
   5.3471192881266709E-006
   7.8709305648924826     
   22.636708858353909     
   361.27903692373076     
