   2.4174161729540217E-004
   8.3602564193860035E-007
  0.10358541343765777     
   1.1399003262643332E-004
   3.4727095282942005E-003
   4.5273844306546129E-002
   1.2740042461159180E-002
   8.5212553475684447E-003
   6.9296157139264502E-003
   9.7574226103661771E-004
   22.570583852879992     
  0.48467145597654143     
   1.0907456156708117E-007
   1.4219734322020481     
   4.4984131003579133     
   2346.3004190669776     
   4.4154262736926103E-003
   1.2281107321990514E-005
  0.73623165657698697     
   1.3938450513383161E-003
   2.1315393745323055E-002
  0.27789379546860499     
   7.8265349976381862E-002
   6.1766470565250108E-002
   5.0343377893618209E-002
   7.1394818564435953E-003
   58.864570611604528     
   2.3188595135323529     
   5.2497980285500877E-007
   3.1389305356521615     
   9.9454210105844911     
   2105.7584991166436     
   2.9299977664961913E-002
   7.5605624446614865E-005
   2.5707257266342287     
   7.7855438516789277E-003
   7.5742666624254468E-002
  0.98747493669482067     
  0.27813839140406188     
  0.23560382071669009     
  0.19257435615323482     
   2.7655843923947279E-002
   107.54394620682358     
   6.8332331641342030     
   1.5581388679926379E-006
   5.8126020505351930     
   18.448863489154338     
   2065.9895701684713     
  0.31421432420666678     
   9.3493807539268186E-004
   13.113987282914247     
   8.7667818056315058E-002
  0.48803883987287316     
   6.3626770430819759     
   1.7926473625438604     
   1.4108614149019358     
   1.1605736377226379     
  0.17226403214876784     
   264.81531261554420     
   35.880430313025307     
   1.7528098121134694E-004
   18.489957003916153     
   58.916968930440561     
   2656.3197226640732     
  0.72407279651782031     
   3.1170067345286188E-003
   22.299713686559461     
  0.34206800212595728     
   1.2439487503389728     
   16.217652879908623     
   4.5850243893221450     
   2.4614234024954751     
   2.0379240140595480     
  0.31478105747057705     
   330.24669280804022     
   89.663087728964300     
   2.1201719696800872E-005
   37.445607291351614     
   119.34675302739794     
   2673.4975978162011     
   6.1748719124449659E-002
   5.3129849160517804E-004
   2.1567124729453160     
  0.10042038408641800     
  0.24665888062408825     
   3.2157502849848894     
  0.91740800328348870     
   9.6247213417408869E-002
   8.0272253772771945E-002
   1.2991825709436801E-002
   34.576553048415953     
   20.021078611904155     
   4.7341951815546564E-006
   8.1826142634913026     
   25.940939744435919     
   341.09790076096397     
