   1.8990246718680851E-004
   9.3550267657903707E-007
   7.6074445162606016E-002
   1.1433205035892218E-004
   3.9793636884528256E-003
   5.1879033588656025E-002
   1.4599289133953258E-002
   9.0663919052514832E-003
   7.3690131437452672E-003
   1.0345197678364960E-003
   16.800707088098832     
  0.48395848394940311     
   1.0891418043144519E-007
  0.85682272446012275     
   6.6070152086916361     
   2330.0174211536464     
   3.2367929375659871E-003
   1.3780279773607139E-005
  0.54203047680769600     
   1.4002528802002723E-003
   2.4924447781379925E-002
  0.32494588012582387     
   9.1484298116984983E-002
   6.3393683816663146E-002
   5.1611593144307945E-002
   7.2774915477955282E-003
   44.231834219475019     
   2.3204341943271127     
   5.2533716248525723E-007
   2.0207538687008464     
   15.633410068051177     
   2087.8830051000477     
   2.1496002786023816E-002
   9.0273218518160538E-005
   1.8988313588516499     
   7.8414611446924031E-003
   8.8033129744472027E-002
   1.1477085878899438     
  0.32311851116279616     
  0.23568893985869990     
  0.19238325211390747     
   2.7425245588138417E-002
   81.862991240031860     
   6.8679637701304168     
   1.5660640581252700E-006
   3.6567529905785237     
   28.373239060548936     
   2044.8756128107154     
  0.23063181946709141     
   1.1336751361000880E-003
   9.7726952648046979     
   8.9193230193271314E-002
  0.54714640975982143     
   7.1332763137911845     
   2.0095908689351965     
   1.3780565894691206     
   1.1324324122290153     
  0.16703916122387852     
   209.28799936776548     
   36.739502299733481     
   1.5404190598062074E-004
   9.5548246258617535     
   74.431908690976016     
   2614.8995049150976     
  0.52789666467461782     
   3.9012666516313674E-003
   16.763149201250300     
  0.35530040617234843     
   1.3728481149801410     
   17.898144297262139     
   5.0623220642259055     
   2.4082453391536727     
   1.9930770568962004     
  0.30702153363579393     
   277.10669535159246     
   95.356569978182293     
   2.2548025727376865E-005
   13.899578446356337     
   108.01098293332011     
   2602.4604574069403     
   4.3401075028526602E-002
   7.4367387572486169E-004
   1.5979284539922107     
  0.10733665295616746     
  0.28457582880773746     
   3.7100825340207209     
   1.0587263168696517     
   9.6847775800989369E-002
   8.0771868083099066E-002
   1.3070658377710763E-002
   31.974406791426276     
   22.441115990326818     
   5.3064385468847306E-006
   2.0029838211809445     
   15.500779071536078     
   325.97797194318503     
