   2.4248102247576153E-004
   8.2086060357121093E-007
  0.10499060000834910     
   1.1399845756007204E-004
   3.3888600836268785E-003
   4.4180713886494603E-002
   1.2432640687665952E-002
   8.2888402261793396E-003
   6.7402465372891690E-003
   9.4653113819339306E-004
   23.931957542754358     
  0.48492085459981188     
   1.0913071050745253E-007
   1.4214836881321427     
   4.4968406796924194     
   2346.0067239741898     
   4.4337401898551483E-003
   1.1924659993568062E-005
  0.75005250382613708     
   1.3940702768594770E-003
   2.0574748365672600E-002
  0.26823782780032113     
   7.5552311684107018E-002
   6.0126849686565481E-002
   4.9007345635041943E-002
   6.9500669068423178E-003
   63.659257165476852     
   2.3216198465185434     
   5.2560489702791765E-007
   3.1342250759333363     
   9.9302407394440486     
   2104.6498131588851     
   2.9442786453512143E-002
   7.2788909604362041E-005
   2.6346730062283110     
   7.7874494013341665E-003
   7.2688647043622809E-002
  0.94765896684038020     
  0.26695991753886122     
  0.23095089651256742     
  0.18878668665052756     
   2.7121325388515524E-002
   119.01952684452402     
   6.8463208561724969     
   1.5611235703094244E-006
   5.7892560057612030     
   18.373294827995171     
   2063.5074092538930     
  0.31549942022369160     
   8.9348722520038069E-004
   13.628493798824593     
   8.7662361452170948E-002
  0.47021994793002436     
   6.1303679651727228     
   1.7273675363575383     
   1.4217665600562672     
   1.1697466170665116     
  0.17374943229574361     
   310.82881076029417     
   35.874805282989733     
   1.7395766213911185E-004
   18.229467040329901     
   58.073881619421201     
   2649.4695660252801     
  0.72152989576345783     
   2.9915194584471485E-003
   23.511928596091064     
  0.34159297766805041     
   1.2259295641837114     
   15.982732504640643     
   4.5186948317226419     
   2.5863386041930361     
   2.1417137940564781     
  0.33109914849819772     
   422.96262359663109     
   87.869122134336877     
   2.0777518336680240E-005
   36.173709111255995     
   115.27110712432722     
   2673.4669600772213     
   5.9574543512590700E-002
   5.1758353283038686E-004
   2.2787898863452307     
  0.10028157256972066     
  0.25319136645188345     
   3.3009158507632743     
  0.94169969780755469     
  0.10693850724130455     
   8.9191356076786743E-002
   1.4438252948093882E-002
   51.205450497835471     
   18.610815149945150     
   4.4007235083206411E-006
   7.6601406863924515     
   24.286276815772265     
   346.21931108016798     
