   2.4152181929890204E-004
   8.3972557311328600E-007
  0.10322405252473753     
   1.1398793599380059E-004
   3.4929796108073199E-003
   4.5538101855133926E-002
   1.2814333354966635E-002
   8.5763712741774335E-003
   6.9745265656005620E-003
   9.8213733222276482E-004
   22.244662951558329     
  0.48461146803495442     
   1.0906105608972755E-007
   1.4220966916467779     
   4.4988089045967747     
   2346.3696100584116     
   4.4094873851081903E-003
   1.2367205983591612E-005
  0.73258214613973360     
   1.3937893158982256E-003
   2.1491267145950468E-002
  0.28018669827001869     
   7.8909289212259079E-002
   6.2138914493357143E-002
   5.0646869326161997E-002
   7.1825260812867922E-003
   57.716543533639026     
   2.3182021520581300     
   5.2483094067074712E-007
   3.1401119471744092     
   9.9492321581861614     
   2106.0187354250784     
   2.9247810984436688E-002
   7.6276702344719411E-005
   2.5534033928967639     
   7.7850931391868355E-003
   7.6445334317180466E-002
  0.99663578024306776     
  0.28070866939450584     
  0.23653887444398017     
  0.19333501982132606     
   2.7762946202551497E-002
   104.80488538240026     
   6.8301951074392768     
   1.5574460451017705E-006
   5.8184183222951313     
   18.467687398897720     
   2066.5654118170769     
  0.31345603397546956     
   9.4414623988705291E-004
   12.968383014570366     
   8.7674324293036329E-002
  0.49157267467275439     
   6.4087484767935479     
   1.8055791285057730     
   1.4053777046640861     
   1.1560148178263985     
  0.17155877514991802     
   254.09640063395787     
   35.886495257476142     
   1.7565030389985823E-004
   18.552919272495416     
   59.120781835165893     
   2657.7974280960439     
  0.72269339952667211     
   3.1405309745051475E-003
   21.938047168478366     
  0.34233010644226597     
   1.2442242254085718     
   16.221244312863849     
   4.5859963010826634     
   2.4226613006815536     
   2.0057414360372903     
  0.30973942956697093     
   309.81881193406394     
   90.140122272008512     
   2.1314519349342892E-005
   37.739779775172586     
   120.28993122846553     
   2672.9355071666882     
   6.1961809226952963E-002
   5.3227029804943230E-004
   2.1137769027932811     
  0.10059766341843722     
  0.24373018446929784     
   3.1775681790639072     
  0.90651365466545242     
   9.3180274331639723E-002
   7.7713776023514605E-002
   1.2577006376647758E-002
   31.230138501677299     
   20.385248455140527     
   4.8203069828313962E-006
   8.2994114181342304     
   26.310790818700728     
   339.75137903432119     
