   2.4194598305280217E-004
   8.3232543048336685E-007
  0.10393956412956791     
   1.1399211378738011E-004
   3.4523626591835520E-003
   4.5008585728159418E-002
   1.2665461676408835E-002
   8.4655097551572297E-003
   6.8841930229410417E-003
   9.6927530039767984E-004
   22.898945935673414     
  0.48473179509922310     
   1.0908814612818540E-007
   1.4218516259836413     
   4.4980219836749677     
   2346.2302687473593     
   4.4207901292690841E-003
   1.2194644477373179E-005
  0.73977388976873837     
   1.3939005237082799E-003
   2.1137549361575036E-002
  0.27557519649533940     
   7.7614075783184591E-002
   6.1383075210784559E-002
   5.0030966338320271E-002
   7.0951797952850644E-003
   60.021420573833218     
   2.3195236236742787     
   5.2513019386098030E-007
   3.1377616329318321     
   9.9416501475354497     
   2105.4942269178714     
   2.9345381276198481E-002
   7.4926970323407961E-005
   2.5873876801272204     
   7.7860009209622383E-003
   7.5022783023097686E-002
  0.97808964529793030     
  0.27550446299181847     
  0.23458980089144299     
  0.19174921334483963     
   2.7539547922067097E-002
   110.30841086090369     
   6.8363363052410504     
   1.5588465412500977E-006
   5.8068280356423907     
   18.430175394339642     
   2065.4019399298863     
  0.31479934791386049     
   9.2536167915305940E-004
   13.252021404237903     
   8.7663347954009152E-002
  0.48418142845293816     
   6.3123870649001370     
   1.7785247394501609     
   1.4152637769373762     
   1.1642435426796924     
  0.17283797806634618     
   275.74576985952427     
   35.876240949858072     
   1.7490634629678377E-004
   18.426662891463870     
   58.712096276502706     
   2654.7663257145441     
  0.72467010964157252     
   3.0906363126284989E-003
   22.637026976117244     
  0.34186215239638718     
   1.2420921282842561     
   16.193447661026603     
   4.5782163474057080     
   2.4971839776246871     
   2.0676214820553929     
  0.31943850180136951     
   351.55244495031928     
   89.199811157581692     
   2.1092173254748676E-005
   37.144451942200341     
   118.38140521118351     
   2673.8490299553987     
   6.1408465140802386E-002
   5.2938503871235618E-004
   2.1948018354760270     
  0.10029801316297277     
  0.24910150834109399     
   3.2475954014489901     
  0.92649341455085166     
   9.9163048082143601E-002
   8.2704696581867201E-002
   1.3386227439825732E-002
   38.195712921088109     
   19.662700876593487     
   4.6494529853022240E-006
   8.0612881298070675     
   25.556729734954786     
   342.41458854990924     
