   1.8921699241174301E-004
   9.5902632250949945E-007
   7.6144385609798512E-002
   1.1465312445884881E-004
   3.7993986659552608E-003
   4.9533230224930343E-002
   1.3925669581353798E-002
   7.3705827090669827E-003
   5.9893011597045645E-003
   8.3817170173828279E-004
   16.941584632999035     
  0.49175831922033181     
   1.1066951149532683E-007
   1.8809811165460071     
   5.5414454063506042     
   2387.5455561448225     
   3.2333307414139094E-003
   1.2846498831240895E-005
  0.54509168156528964     
   1.4029070797143591E-003
   2.1032417859912254E-002
  0.27420457115698921     
   7.7165340153991943E-002
   5.0528409652513005E-002
   4.1144858045889972E-002
   5.8072386431176739E-003
   44.927208502873043     
   2.3582565322079527     
   5.3390002035888357E-007
   3.7275838915966539     
   10.990494174747795     
   2160.2836503717158     
   2.1542572900635642E-002
   7.2736810824436851E-005
   1.9203009910612829     
   7.8533913035362998E-003
   6.9790923456058140E-002
  0.90988066037521731     
  0.25616278304706203     
  0.18962597188563590     
  0.15485757684415297     
   2.2138190127333535E-002
   83.775713360676079     
   6.9845597455654733     
   1.5926512900643274E-006
   6.4524742147236767     
   19.102844075322150     
   2135.6298561346034     
  0.23304723307398986     
   8.1253161617229940E-004
   10.009083895370969     
   8.9419052631862964E-002
  0.42593050535115667     
   5.5529560835626599     
   1.5641550518866720     
   1.1536652906516609     
  0.94842349911887480     
  0.14027552446760766     
   216.77770777241074     
   37.422632012410212     
   1.8376663662122313E-003
   19.648359897083321     
   58.443403096263943     
   2775.2362035826959     
  0.54114467686851364     
   2.5720392977610492E-003
   17.484977528055428     
  0.35743653954910642     
   1.0783332313997442     
   14.058484321310873     
   3.9734980611203219     
   2.0964661713369406     
   1.7351812385299887     
  0.26742002569277978     
   288.21588825912085     
   96.882106220297771     
   2.2908754178756465E-005
   40.610107917092115     
   118.51221692138023     
   2791.8946489517407     
   4.6180135750457568E-002
   4.1945772487975971E-004
   1.7555696660799240     
  0.10860989173643837     
  0.21484600402002363     
   2.8009982701825265     
  0.79899504302222246     
   8.6704278192938897E-002
   7.2308779454983610E-002
   1.1696403152849665E-002
   33.073337300404823     
   22.562312897306086     
   5.3350968322673392E-006
   9.2761594677410901     
   26.020438507599412     
   350.66744312018437     
