   2.4213487561578772E-004
   8.2862564389491937E-007
  0.10428641014811889     
   1.1399417859140952E-004
   3.4319446004212151E-003
   4.4742399085722064E-002
   1.2590611440818274E-002
   8.4091476620352847E-003
   6.8382692020794488E-003
   9.6273796651253566E-004
   23.229710659789919     
  0.48479246489237521     
   1.0910180515431290E-007
   1.4217313126072841     
   4.4976356817346339     
   2346.1591605862091     
   4.4255766322406883E-003
   1.2107851142705147E-005
  0.74320691350710888     
   1.3939556826627188E-003
   2.0957829509857782E-002
  0.27323214660363965     
   7.6955814769603323E-002
   6.0988900281931276E-002
   4.9709774446770112E-002
   7.0496395734776203E-003
   61.186687481838796     
   2.3201939883532594     
   5.2528200176207947E-007
   3.1366059398228927     
   9.9379218211611153     
   2105.2259613043693     
   2.9383985015543432E-002
   7.4241191730841418E-005
   2.6033732063211010     
   7.7864635222814641E-003
   7.4286309433884104E-002
  0.96848806632031137     
  0.27280915956879975     
  0.23349735850471234     
  0.19086003217885802     
   2.7414119509886630E-002
   113.09645341096653     
   6.8395001010196097     
   1.5595680543373999E-006
   5.8011017243429031     
   18.411640636606837     
   2064.8027004857499     
  0.31520978565407981     
   9.1543073344298273E-004
   13.382169836411537     
   8.7660908670629714E-002
  0.48000478022341403     
   6.2579351213714425     
   1.7632269003630716     
   1.4185580928225809     
   1.1670025404744788     
  0.17327735475834216     
   286.87487170162143     
   35.873896519740491     
   1.7457820740033410E-004
   18.363139242339486     
   58.506493631704274     
   2653.1371249387985     
  0.72448182113263027     
   3.0614795815512761E-003
   22.948458873542354     
  0.34171371746294943     
   1.2386164945246951     
   16.148135004935170     
   4.5654320951271119     
   2.5296933505509589     
   2.0946270546135963     
  0.32367985076512135     
   373.71924502022767     
   88.751968944477895     
   2.0986276421889249E-005
   36.836946162292399     
   117.39591957469339     
   2673.9774494854996     
   6.0943324881355010E-002
   5.2653686046834336E-004
   2.2277219178636725     
  0.10023199838097457     
  0.25101953034744956     
   3.2726011088968452     
  0.93362656753382589     
  0.10189932934838836     
   8.4987381667607997E-002
   1.3756378859504955E-002
   42.093993947691686     
   19.312154459615140     
   4.5665625868914040E-006
   7.9357500640486967     
   25.159163640418939     
   343.69357363760383     
